x-axis	1
second	Volt
-19.98438E+00	+92.41E-03
-19.96875E+00	+92.57E-03
-19.95313E+00	+92.67E-03
-19.93750E+00	+93.21E-03
-19.92188E+00	+93.26E-03
-19.90625E+00	+93.36E-03
-19.89063E+00	+93.66E-03
-19.87500E+00	+93.84E-03
-19.85938E+00	+93.66E-03
-19.84375E+00	+93.79E-03
-19.82813E+00	+93.88E-03
-19.81250E+00	+93.97E-03
-19.79688E+00	+93.92E-03
-19.78125E+00	+93.75E-03
-19.76563E+00	+93.80E-03
-19.75000E+00	+93.99E-03
-19.73438E+00	+94.02E-03
-19.71875E+00	+94.15E-03
-19.70313E+00	+94.09E-03
-19.68750E+00	+94.25E-03
-19.67188E+00	+93.80E-03
-19.65625E+00	+93.98E-03
-19.64063E+00	+94.02E-03
-19.62500E+00	+93.66E-03
-19.60938E+00	+94.03E-03
-19.59375E+00	+94.02E-03
-19.57813E+00	+93.68E-03
-19.56250E+00	+94.07E-03
-19.54688E+00	+94.12E-03
-19.53125E+00	+94.13E-03
-19.51563E+00	+94.00E-03
-19.50000E+00	+93.87E-03
-19.48438E+00	+94.02E-03
-19.46875E+00	+94.29E-03
-19.45313E+00	+94.53E-03
-19.43750E+00	+94.58E-03
-19.42188E+00	+94.92E-03
-19.40625E+00	+94.87E-03
-19.39063E+00	+95.40E-03
-19.37500E+00	+95.51E-03
-19.35938E+00	+95.60E-03
-19.34375E+00	+95.60E-03
-19.32813E+00	+95.77E-03
-19.31250E+00	+96.21E-03
-19.29688E+00	+96.19E-03
-19.28125E+00	+96.03E-03
-19.26563E+00	+95.93E-03
-19.25000E+00	+96.09E-03
-19.23438E+00	+96.29E-03
-19.21875E+00	+96.06E-03
-19.20313E+00	+96.13E-03
-19.18750E+00	+96.15E-03
-19.17188E+00	+95.71E-03
-19.15625E+00	+95.96E-03
-19.14063E+00	+96.05E-03
-19.12500E+00	+95.96E-03
-19.10938E+00	+95.96E-03
-19.09375E+00	+95.95E-03
-19.07813E+00	+96.33E-03
-19.06250E+00	+95.94E-03
-19.04688E+00	+95.98E-03
-19.03125E+00	+95.88E-03
-19.01563E+00	+96.06E-03
-19.00000E+00	+96.26E-03
-18.98438E+00	+96.19E-03
-18.96875E+00	+96.34E-03
-18.95313E+00	+96.29E-03
-18.93750E+00	+96.16E-03
-18.92188E+00	+96.03E-03
-18.90625E+00	+96.32E-03
-18.89063E+00	+96.32E-03
-18.87500E+00	+96.37E-03
-18.85938E+00	+96.32E-03
-18.84375E+00	+96.08E-03
-18.82813E+00	+96.37E-03
-18.81250E+00	+96.45E-03
-18.79688E+00	+96.43E-03
-18.78125E+00	+96.34E-03
-18.76563E+00	+96.37E-03
-18.75000E+00	+96.19E-03
-18.73438E+00	+96.65E-03
-18.71875E+00	+96.42E-03
-18.70313E+00	+96.59E-03
-18.68750E+00	+96.50E-03
-18.67188E+00	+96.35E-03
-18.65625E+00	+96.54E-03
-18.64063E+00	+96.53E-03
-18.62500E+00	+96.69E-03
-18.60938E+00	+97.08E-03
-18.59375E+00	+97.42E-03
-18.57813E+00	+98.29E-03
-18.56250E+00	+98.55E-03
-18.54688E+00	+99.24E-03
-18.53125E+00	+100.11E-03
-18.51563E+00	+100.86E-03
-18.50000E+00	+101.83E-03
-18.48438E+00	+102.92E-03
-18.46875E+00	+104.00E-03
-18.45313E+00	+105.18E-03
-18.43750E+00	+106.06E-03
-18.42188E+00	+107.43E-03
-18.40625E+00	+108.45E-03
-18.39063E+00	+109.95E-03
-18.37500E+00	+111.10E-03
-18.35938E+00	+112.51E-03
-18.34375E+00	+113.66E-03
-18.32813E+00	+114.59E-03
-18.31250E+00	+116.05E-03
-18.29688E+00	+117.31E-03
-18.28125E+00	+118.55E-03
-18.26563E+00	+119.51E-03
-18.25000E+00	+120.69E-03
-18.23438E+00	+121.84E-03
-18.21875E+00	+122.70E-03
-18.20313E+00	+123.63E-03
-18.18750E+00	+124.51E-03
-18.17188E+00	+124.91E-03
-18.15625E+00	+125.70E-03
-18.14063E+00	+126.15E-03
-18.12500E+00	+126.42E-03
-18.10938E+00	+126.77E-03
-18.09375E+00	+127.16E-03
-18.07813E+00	+127.16E-03
-18.06250E+00	+127.09E-03
-18.04688E+00	+127.06E-03
-18.03125E+00	+127.12E-03
-18.01563E+00	+126.73E-03
-18.00000E+00	+126.24E-03
-17.98438E+00	+125.85E-03
-17.96875E+00	+125.57E-03
-17.95313E+00	+124.78E-03
-17.93750E+00	+124.04E-03
-17.92188E+00	+123.40E-03
-17.90625E+00	+122.46E-03
-17.89063E+00	+121.26E-03
-17.87500E+00	+120.41E-03
-17.85938E+00	+119.43E-03
-17.84375E+00	+118.30E-03
-17.82813E+00	+117.23E-03
-17.81250E+00	+116.16E-03
-17.79688E+00	+115.02E-03
-17.78125E+00	+113.75E-03
-17.76563E+00	+112.63E-03
-17.75000E+00	+111.23E-03
-17.73438E+00	+110.21E-03
-17.71875E+00	+109.20E-03
-17.70313E+00	+108.26E-03
-17.68750E+00	+107.26E-03
-17.67188E+00	+106.11E-03
-17.65625E+00	+105.16E-03
-17.64063E+00	+104.10E-03
-17.62500E+00	+103.17E-03
-17.60938E+00	+102.50E-03
-17.59375E+00	+101.75E-03
-17.57813E+00	+101.08E-03
-17.56250E+00	+100.44E-03
-17.54688E+00	+99.98E-03
-17.53125E+00	+99.64E-03
-17.51563E+00	+99.31E-03
-17.50000E+00	+99.15E-03
-17.48438E+00	+98.78E-03
-17.46875E+00	+99.08E-03
-17.45313E+00	+99.05E-03
-17.43750E+00	+99.08E-03
-17.42188E+00	+99.53E-03
-17.40625E+00	+99.64E-03
-17.39063E+00	+100.47E-03
-17.37500E+00	+100.69E-03
-17.35938E+00	+101.26E-03
-17.34375E+00	+101.88E-03
-17.32813E+00	+102.56E-03
-17.31250E+00	+103.45E-03
-17.29688E+00	+103.90E-03
-17.28125E+00	+104.93E-03
-17.26563E+00	+105.96E-03
-17.25000E+00	+106.83E-03
-17.23438E+00	+108.10E-03
-17.21875E+00	+108.79E-03
-17.20313E+00	+110.18E-03
-17.18750E+00	+110.95E-03
-17.17188E+00	+112.11E-03
-17.15625E+00	+113.25E-03
-17.14063E+00	+114.08E-03
-17.12500E+00	+115.21E-03
-17.10938E+00	+115.96E-03
-17.09375E+00	+117.35E-03
-17.07813E+00	+118.25E-03
-17.06250E+00	+119.00E-03
-17.04688E+00	+119.79E-03
-17.03125E+00	+120.74E-03
-17.01563E+00	+121.57E-03
-17.00000E+00	+122.04E-03
-16.98438E+00	+122.60E-03
-16.96875E+00	+123.38E-03
-16.95313E+00	+123.82E-03
-16.93750E+00	+123.95E-03
-16.92188E+00	+124.08E-03
-16.90625E+00	+124.59E-03
-16.89063E+00	+124.71E-03
-16.87500E+00	+124.77E-03
-16.85938E+00	+124.66E-03
-16.84375E+00	+124.77E-03
-16.82813E+00	+124.56E-03
-16.81250E+00	+124.23E-03
-16.79688E+00	+123.58E-03
-16.78125E+00	+123.22E-03
-16.76563E+00	+123.02E-03
-16.75000E+00	+122.19E-03
-16.73438E+00	+121.84E-03
-16.71875E+00	+120.93E-03
-16.70313E+00	+120.15E-03
-16.68750E+00	+119.23E-03
-16.67188E+00	+118.46E-03
-16.65625E+00	+117.65E-03
-16.64063E+00	+116.91E-03
-16.62500E+00	+115.59E-03
-16.60938E+00	+115.03E-03
-16.59375E+00	+113.97E-03
-16.57813E+00	+113.07E-03
-16.56250E+00	+111.79E-03
-16.54688E+00	+110.94E-03
-16.53125E+00	+110.08E-03
-16.51563E+00	+109.08E-03
-16.50000E+00	+108.19E-03
-16.48438E+00	+107.24E-03
-16.46875E+00	+106.25E-03
-16.45313E+00	+105.72E-03
-16.43750E+00	+104.72E-03
-16.42188E+00	+104.25E-03
-16.40625E+00	+103.69E-03
-16.39063E+00	+103.15E-03
-16.37500E+00	+102.60E-03
-16.35938E+00	+102.08E-03
-16.34375E+00	+101.75E-03
-16.32813E+00	+101.42E-03
-16.31250E+00	+101.30E-03
-16.29688E+00	+101.33E-03
-16.28125E+00	+101.06E-03
-16.26563E+00	+101.11E-03
-16.25000E+00	+101.52E-03
-16.23438E+00	+101.54E-03
-16.21875E+00	+101.48E-03
-16.20313E+00	+102.02E-03
-16.18750E+00	+102.27E-03
-16.17188E+00	+102.87E-03
-16.15625E+00	+103.39E-03
-16.14063E+00	+104.03E-03
-16.12500E+00	+104.28E-03
-16.10938E+00	+105.06E-03
-16.09375E+00	+105.95E-03
-16.07813E+00	+106.59E-03
-16.06250E+00	+107.57E-03
-16.04688E+00	+108.51E-03
-16.03125E+00	+109.53E-03
-16.01563E+00	+110.02E-03
-16.00000E+00	+111.15E-03
-15.98438E+00	+111.99E-03
-15.96875E+00	+112.95E-03
-15.95313E+00	+113.66E-03
-15.93750E+00	+114.62E-03
-15.92188E+00	+115.42E-03
-15.90625E+00	+116.37E-03
-15.89063E+00	+117.08E-03
-15.87500E+00	+117.82E-03
-15.85938E+00	+118.35E-03
-15.84375E+00	+119.12E-03
-15.82813E+00	+119.87E-03
-15.81250E+00	+120.42E-03
-15.79688E+00	+121.05E-03
-15.78125E+00	+121.43E-03
-15.76563E+00	+121.75E-03
-15.75000E+00	+122.08E-03
-15.73438E+00	+122.76E-03
-15.71875E+00	+122.67E-03
-15.70313E+00	+122.67E-03
-15.68750E+00	+123.12E-03
-15.67188E+00	+123.05E-03
-15.65625E+00	+122.85E-03
-15.64063E+00	+122.66E-03
-15.62500E+00	+122.27E-03
-15.60938E+00	+121.98E-03
-15.59375E+00	+121.72E-03
-15.57813E+00	+121.29E-03
-15.56250E+00	+120.98E-03
-15.54688E+00	+120.31E-03
-15.53125E+00	+119.90E-03
-15.51563E+00	+119.18E-03
-15.50000E+00	+118.45E-03
-15.48438E+00	+117.95E-03
-15.46875E+00	+116.96E-03
-15.45313E+00	+116.30E-03
-15.43750E+00	+115.67E-03
-15.42188E+00	+114.87E-03
-15.40625E+00	+113.82E-03
-15.39063E+00	+112.91E-03
-15.37500E+00	+112.32E-03
-15.35938E+00	+111.38E-03
-15.34375E+00	+110.60E-03
-15.32813E+00	+109.93E-03
-15.31250E+00	+109.17E-03
-15.29688E+00	+108.16E-03
-15.28125E+00	+107.81E-03
-15.26563E+00	+106.97E-03
-15.25000E+00	+106.23E-03
-15.23438E+00	+105.57E-03
-15.21875E+00	+105.15E-03
-15.20313E+00	+104.74E-03
-15.18750E+00	+104.48E-03
-15.17188E+00	+104.05E-03
-15.15625E+00	+103.53E-03
-15.14063E+00	+103.22E-03
-15.12500E+00	+103.34E-03
-15.10938E+00	+103.17E-03
-15.09375E+00	+103.06E-03
-15.07813E+00	+103.31E-03
-15.06250E+00	+102.97E-03
-15.04688E+00	+103.09E-03
-15.03125E+00	+103.53E-03
-15.01563E+00	+103.75E-03
-15.00000E+00	+104.04E-03
-14.98438E+00	+104.29E-03
-14.96875E+00	+104.59E-03
-14.95313E+00	+105.06E-03
-14.93750E+00	+105.66E-03
-14.92188E+00	+106.21E-03
-14.90625E+00	+106.73E-03
-14.89063E+00	+107.60E-03
-14.87500E+00	+108.16E-03
-14.85938E+00	+108.78E-03
-14.84375E+00	+109.51E-03
-14.82813E+00	+110.27E-03
-14.81250E+00	+111.03E-03
-14.79688E+00	+111.62E-03
-14.78125E+00	+112.26E-03
-14.76563E+00	+113.49E-03
-14.75000E+00	+113.95E-03
-14.73438E+00	+114.95E-03
-14.71875E+00	+115.45E-03
-14.70313E+00	+115.96E-03
-14.68750E+00	+116.55E-03
-14.67188E+00	+117.53E-03
-14.65625E+00	+117.82E-03
-14.64063E+00	+118.58E-03
-14.62500E+00	+118.90E-03
-14.60938E+00	+119.52E-03
-14.59375E+00	+119.74E-03
-14.57813E+00	+120.17E-03
-14.56250E+00	+120.70E-03
-14.54688E+00	+120.75E-03
-14.53125E+00	+120.72E-03
-14.51563E+00	+121.16E-03
-14.50000E+00	+120.99E-03
-14.48438E+00	+120.94E-03
-14.46875E+00	+120.85E-03
-14.45313E+00	+120.85E-03
-14.43750E+00	+120.72E-03
-14.42188E+00	+120.45E-03
-14.40625E+00	+120.32E-03
-14.39063E+00	+119.87E-03
-14.37500E+00	+119.51E-03
-14.35938E+00	+119.24E-03
-14.34375E+00	+118.65E-03
-14.32813E+00	+117.99E-03
-14.31250E+00	+117.66E-03
-14.29688E+00	+116.87E-03
-14.28125E+00	+116.20E-03
-14.26563E+00	+115.54E-03
-14.25000E+00	+115.30E-03
-14.23438E+00	+114.42E-03
-14.21875E+00	+113.79E-03
-14.20313E+00	+113.25E-03
-14.18750E+00	+112.52E-03
-14.17188E+00	+111.67E-03
-14.15625E+00	+111.42E-03
-14.14063E+00	+110.52E-03
-14.12500E+00	+109.86E-03
-14.10938E+00	+108.94E-03
-14.09375E+00	+108.45E-03
-14.07813E+00	+108.07E-03
-14.06250E+00	+107.14E-03
-14.04688E+00	+106.84E-03
-14.03125E+00	+106.48E-03
-14.01563E+00	+105.94E-03
-14.00000E+00	+105.79E-03
-13.98438E+00	+105.28E-03
-13.96875E+00	+105.18E-03
-13.95313E+00	+104.74E-03
-13.93750E+00	+104.83E-03
-13.92188E+00	+104.64E-03
-13.90625E+00	+104.68E-03
-13.89063E+00	+104.48E-03
-13.87500E+00	+104.56E-03
-13.85938E+00	+104.64E-03
-13.84375E+00	+105.12E-03
-13.82813E+00	+104.90E-03
-13.81250E+00	+105.22E-03
-13.79688E+00	+105.57E-03
-13.78125E+00	+105.75E-03
-13.76563E+00	+106.24E-03
-13.75000E+00	+106.67E-03
-13.73438E+00	+107.22E-03
-13.71875E+00	+107.71E-03
-13.70313E+00	+108.14E-03
-13.68750E+00	+108.89E-03
-13.67188E+00	+109.17E-03
-13.65625E+00	+110.02E-03
-13.64063E+00	+110.51E-03
-13.62500E+00	+111.10E-03
-13.60938E+00	+111.82E-03
-13.59375E+00	+112.48E-03
-13.57813E+00	+112.78E-03
-13.56250E+00	+113.78E-03
-13.54688E+00	+114.36E-03
-13.53125E+00	+114.78E-03
-13.51563E+00	+115.36E-03
-13.50000E+00	+115.83E-03
-13.48438E+00	+116.44E-03
-13.46875E+00	+116.89E-03
-13.45313E+00	+117.56E-03
-13.43750E+00	+117.99E-03
-13.42188E+00	+118.14E-03
-13.40625E+00	+118.25E-03
-13.39063E+00	+118.83E-03
-13.37500E+00	+119.02E-03
-13.35938E+00	+119.36E-03
-13.34375E+00	+119.54E-03
-13.32813E+00	+119.36E-03
-13.31250E+00	+119.57E-03
-13.29688E+00	+119.63E-03
-13.28125E+00	+119.67E-03
-13.26563E+00	+119.54E-03
-13.25000E+00	+119.37E-03
-13.23438E+00	+119.29E-03
-13.21875E+00	+119.07E-03
-13.20313E+00	+118.83E-03
-13.18750E+00	+118.55E-03
-13.17188E+00	+118.39E-03
-13.15625E+00	+117.81E-03
-13.14063E+00	+117.45E-03
-13.12500E+00	+116.91E-03
-13.10938E+00	+116.35E-03
-13.09375E+00	+115.69E-03
-13.07813E+00	+115.64E-03
-13.06250E+00	+114.82E-03
-13.04688E+00	+114.14E-03
-13.03125E+00	+113.66E-03
-13.01563E+00	+112.86E-03
-13.00000E+00	+112.35E-03
-12.98438E+00	+111.84E-03
-12.96875E+00	+111.35E-03
-12.95313E+00	+111.01E-03
-12.93750E+00	+110.27E-03
-12.92188E+00	+109.74E-03
-12.90625E+00	+109.38E-03
-12.89063E+00	+108.85E-03
-12.87500E+00	+108.29E-03
-12.85938E+00	+107.97E-03
-12.84375E+00	+107.85E-03
-12.82813E+00	+107.40E-03
-12.81250E+00	+106.99E-03
-12.79688E+00	+106.92E-03
-12.78125E+00	+106.54E-03
-12.76563E+00	+106.37E-03
-12.75000E+00	+106.32E-03
-12.73438E+00	+105.95E-03
-12.71875E+00	+106.10E-03
-12.70313E+00	+106.11E-03
-12.68750E+00	+106.13E-03
-12.67188E+00	+106.16E-03
-12.65625E+00	+106.45E-03
-12.64063E+00	+106.45E-03
-12.62500E+00	+106.47E-03
-12.60938E+00	+106.77E-03
-12.59375E+00	+107.07E-03
-12.57813E+00	+107.19E-03
-12.56250E+00	+107.53E-03
-12.54688E+00	+108.15E-03
-12.53125E+00	+108.25E-03
-12.51563E+00	+108.82E-03
-12.50000E+00	+109.20E-03
-12.48438E+00	+109.63E-03
-12.46875E+00	+110.25E-03
-12.45313E+00	+110.61E-03
-12.43750E+00	+111.14E-03
-12.42188E+00	+111.69E-03
-12.40625E+00	+112.03E-03
-12.39063E+00	+112.43E-03
-12.37500E+00	+113.21E-03
-12.35938E+00	+113.63E-03
-12.34375E+00	+114.31E-03
-12.32813E+00	+114.62E-03
-12.31250E+00	+114.88E-03
-12.29688E+00	+115.52E-03
-12.28125E+00	+116.09E-03
-12.26563E+00	+116.24E-03
-12.25000E+00	+116.59E-03
-12.23438E+00	+116.96E-03
-12.21875E+00	+117.42E-03
-12.20313E+00	+117.47E-03
-12.18750E+00	+117.92E-03
-12.17188E+00	+117.97E-03
-12.15625E+00	+118.24E-03
-12.14063E+00	+118.04E-03
-12.12500E+00	+118.31E-03
-12.10938E+00	+118.25E-03
-12.09375E+00	+118.40E-03
-12.07813E+00	+118.30E-03
-12.06250E+00	+118.41E-03
-12.04688E+00	+117.96E-03
-12.03125E+00	+117.81E-03
-12.01563E+00	+118.05E-03
-12.00000E+00	+117.71E-03
-11.98438E+00	+117.32E-03
-11.96875E+00	+116.98E-03
-11.95313E+00	+116.55E-03
-11.93750E+00	+116.11E-03
-11.92188E+00	+115.93E-03
-11.90625E+00	+115.59E-03
-11.89063E+00	+115.08E-03
-11.87500E+00	+114.59E-03
-11.85938E+00	+114.37E-03
-11.84375E+00	+113.80E-03
-11.82813E+00	+113.33E-03
-11.81250E+00	+112.62E-03
-11.79688E+00	+112.27E-03
-11.78125E+00	+111.98E-03
-11.76563E+00	+111.55E-03
-11.75000E+00	+111.14E-03
-11.73438E+00	+110.89E-03
-11.71875E+00	+110.22E-03
-11.70313E+00	+109.61E-03
-11.68750E+00	+109.48E-03
-11.67188E+00	+109.13E-03
-11.65625E+00	+108.88E-03
-11.64063E+00	+108.49E-03
-11.62500E+00	+108.26E-03
-11.60938E+00	+108.14E-03
-11.59375E+00	+107.78E-03
-11.57813E+00	+107.41E-03
-11.56250E+00	+107.70E-03
-11.54688E+00	+107.27E-03
-11.53125E+00	+107.35E-03
-11.51563E+00	+107.07E-03
-11.50000E+00	+107.36E-03
-11.48438E+00	+107.17E-03
-11.46875E+00	+107.38E-03
-11.45313E+00	+107.26E-03
-11.43750E+00	+107.92E-03
-11.42188E+00	+107.81E-03
-11.40625E+00	+107.97E-03
-11.39063E+00	+108.34E-03
-11.37500E+00	+108.60E-03
-11.35938E+00	+108.76E-03
-11.34375E+00	+109.18E-03
-11.32813E+00	+109.47E-03
-11.31250E+00	+109.68E-03
-11.29688E+00	+110.27E-03
-11.28125E+00	+110.65E-03
-11.26563E+00	+111.16E-03
-11.25000E+00	+111.40E-03
-11.23438E+00	+111.74E-03
-11.21875E+00	+112.01E-03
-11.20313E+00	+112.60E-03
-11.18750E+00	+113.09E-03
-11.17188E+00	+113.45E-03
-11.15625E+00	+113.85E-03
-11.14063E+00	+114.08E-03
-11.12500E+00	+114.54E-03
-11.10938E+00	+114.81E-03
-11.09375E+00	+115.10E-03
-11.07813E+00	+115.76E-03
-11.06250E+00	+115.69E-03
-11.04688E+00	+115.94E-03
-11.03125E+00	+116.23E-03
-11.01563E+00	+116.50E-03
-11.00000E+00	+116.74E-03
-10.98438E+00	+116.64E-03
-10.96875E+00	+117.03E-03
-10.95313E+00	+117.12E-03
-10.93750E+00	+117.04E-03
-10.92188E+00	+117.27E-03
-10.90625E+00	+117.19E-03
-10.89063E+00	+117.13E-03
-10.87500E+00	+117.18E-03
-10.85938E+00	+116.96E-03
-10.84375E+00	+116.91E-03
-10.82813E+00	+116.84E-03
-10.81250E+00	+116.44E-03
-10.79688E+00	+116.24E-03
-10.78125E+00	+116.34E-03
-10.76563E+00	+116.01E-03
-10.75000E+00	+115.81E-03
-10.73438E+00	+115.34E-03
-10.71875E+00	+115.32E-03
-10.70313E+00	+114.76E-03
-10.68750E+00	+114.32E-03
-10.67188E+00	+113.65E-03
-10.65625E+00	+113.66E-03
-10.64063E+00	+113.33E-03
-10.62500E+00	+112.72E-03
-10.60938E+00	+112.32E-03
-10.59375E+00	+112.24E-03
-10.57813E+00	+111.74E-03
-10.56250E+00	+111.47E-03
-10.54688E+00	+111.01E-03
-10.53125E+00	+110.64E-03
-10.51563E+00	+110.35E-03
-10.50000E+00	+110.26E-03
-10.48438E+00	+109.69E-03
-10.46875E+00	+109.33E-03
-10.45313E+00	+109.51E-03
-10.43750E+00	+109.42E-03
-10.42188E+00	+108.83E-03
-10.40625E+00	+108.88E-03
-10.39063E+00	+108.45E-03
-10.37500E+00	+108.69E-03
-10.35938E+00	+108.53E-03
-10.34375E+00	+108.40E-03
-10.32813E+00	+108.34E-03
-10.31250E+00	+108.46E-03
-10.29688E+00	+108.58E-03
-10.28125E+00	+108.58E-03
-10.26563E+00	+108.73E-03
-10.25000E+00	+108.70E-03
-10.23438E+00	+108.84E-03
-10.21875E+00	+108.98E-03
-10.20313E+00	+109.14E-03
-10.18750E+00	+109.48E-03
-10.17188E+00	+109.51E-03
-10.15625E+00	+109.69E-03
-10.14063E+00	+109.97E-03
-10.12500E+00	+110.45E-03
-10.10938E+00	+110.75E-03
-10.09375E+00	+110.81E-03
-10.07813E+00	+111.09E-03
-10.06250E+00	+111.54E-03
-10.04688E+00	+111.81E-03
-10.03125E+00	+112.23E-03
-10.01563E+00	+112.22E-03
-10.00000E+00	+112.78E-03
-9.98438E+00	+113.24E-03
-9.96875E+00	+113.25E-03
-9.95313E+00	+113.71E-03
-9.93750E+00	+114.00E-03
-9.92188E+00	+114.22E-03
-9.90625E+00	+114.42E-03
-9.89063E+00	+114.54E-03
-9.87500E+00	+114.91E-03
-9.85938E+00	+115.26E-03
-9.84375E+00	+115.20E-03
-9.82813E+00	+115.51E-03
-9.81250E+00	+115.75E-03
-9.79688E+00	+115.76E-03
-9.78125E+00	+115.83E-03
-9.76563E+00	+115.91E-03
-9.75000E+00	+116.18E-03
-9.73438E+00	+116.21E-03
-9.71875E+00	+116.24E-03
-9.70313E+00	+115.98E-03
-9.68750E+00	+116.01E-03
-9.67188E+00	+116.10E-03
-9.65625E+00	+115.71E-03
-9.64063E+00	+115.76E-03
-9.62500E+00	+115.57E-03
-9.60938E+00	+115.54E-03
-9.59375E+00	+115.13E-03
-9.57813E+00	+115.17E-03
-9.56250E+00	+114.87E-03
-9.54688E+00	+114.62E-03
-9.53125E+00	+114.52E-03
-9.51563E+00	+113.95E-03
-9.50000E+00	+113.94E-03
-9.48438E+00	+113.56E-03
-9.46875E+00	+113.50E-03
-9.45313E+00	+113.06E-03
-9.43750E+00	+112.85E-03
-9.42188E+00	+112.42E-03
-9.40625E+00	+112.27E-03
-9.39063E+00	+112.04E-03
-9.37500E+00	+111.88E-03
-9.35938E+00	+111.62E-03
-9.34375E+00	+111.19E-03
-9.32813E+00	+110.95E-03
-9.31250E+00	+110.66E-03
-9.29688E+00	+110.39E-03
-9.28125E+00	+110.42E-03
-9.26563E+00	+110.30E-03
-9.25000E+00	+110.41E-03
-9.23438E+00	+109.79E-03
-9.21875E+00	+109.77E-03
-9.20313E+00	+109.53E-03
-9.18750E+00	+109.72E-03
-9.17188E+00	+109.59E-03
-9.15625E+00	+109.63E-03
-9.14063E+00	+109.58E-03
-9.12500E+00	+109.42E-03
-9.10938E+00	+109.72E-03
-9.09375E+00	+109.36E-03
-9.07813E+00	+109.82E-03
-9.06250E+00	+109.68E-03
-9.04688E+00	+109.68E-03
-9.03125E+00	+109.81E-03
-9.01563E+00	+110.26E-03
-9.00000E+00	+110.40E-03
-8.98438E+00	+110.72E-03
-8.96875E+00	+110.51E-03
-8.95313E+00	+110.59E-03
-8.93750E+00	+110.70E-03
-8.92188E+00	+111.15E-03
-8.90625E+00	+111.26E-03
-8.89063E+00	+111.37E-03
-8.87500E+00	+111.89E-03
-8.85938E+00	+111.87E-03
-8.84375E+00	+112.37E-03
-8.82813E+00	+112.29E-03
-8.81250E+00	+112.61E-03
-8.79688E+00	+113.09E-03
-8.78125E+00	+113.17E-03
-8.76563E+00	+113.33E-03
-8.75000E+00	+113.35E-03
-8.73438E+00	+113.65E-03
-8.71875E+00	+114.00E-03
-8.70313E+00	+113.98E-03
-8.68750E+00	+114.44E-03
-8.67188E+00	+114.39E-03
-8.65625E+00	+114.52E-03
-8.64063E+00	+114.61E-03
-8.62500E+00	+114.73E-03
-8.60938E+00	+114.62E-03
-8.59375E+00	+114.79E-03
-8.57813E+00	+114.90E-03
-8.56250E+00	+115.06E-03
-8.54688E+00	+115.08E-03
-8.53125E+00	+114.95E-03
-8.51563E+00	+114.91E-03
-8.50000E+00	+114.88E-03
-8.48438E+00	+115.16E-03
-8.46875E+00	+114.83E-03
-8.45313E+00	+115.07E-03
-8.43750E+00	+114.63E-03
-8.42188E+00	+114.67E-03
-8.40625E+00	+114.56E-03
-8.39063E+00	+114.31E-03
-8.37500E+00	+114.14E-03
-8.35938E+00	+114.18E-03
-8.34375E+00	+113.83E-03
-8.32813E+00	+113.99E-03
-8.31250E+00	+113.56E-03
-8.29688E+00	+113.46E-03
-8.28125E+00	+113.16E-03
-8.26563E+00	+112.96E-03
-8.25000E+00	+112.81E-03
-8.23438E+00	+112.71E-03
-8.21875E+00	+112.29E-03
-8.20313E+00	+112.04E-03
-8.18750E+00	+112.06E-03
-8.17188E+00	+111.87E-03
-8.15625E+00	+111.68E-03
-8.14063E+00	+111.73E-03
-8.12500E+00	+111.21E-03
-8.10938E+00	+111.44E-03
-8.09375E+00	+110.91E-03
-8.07813E+00	+111.09E-03
-8.06250E+00	+110.72E-03
-8.04688E+00	+110.95E-03
-8.03125E+00	+110.85E-03
-8.01563E+00	+110.86E-03
-8.00000E+00	+110.66E-03
-7.98438E+00	+110.56E-03
-7.96875E+00	+110.64E-03
-7.95313E+00	+110.61E-03
-7.93750E+00	+110.60E-03
-7.92188E+00	+110.51E-03
-7.90625E+00	+110.41E-03
-7.89063E+00	+110.69E-03
-7.87500E+00	+110.59E-03
-7.85938E+00	+110.50E-03
-7.84375E+00	+110.95E-03
-7.82813E+00	+110.93E-03
-7.81250E+00	+111.05E-03
-7.79688E+00	+110.93E-03
-7.78125E+00	+111.04E-03
-7.76563E+00	+111.26E-03
-7.75000E+00	+111.47E-03
-7.73438E+00	+111.65E-03
-7.71875E+00	+111.57E-03
-7.70313E+00	+111.83E-03
-7.68750E+00	+111.70E-03
-7.67188E+00	+112.37E-03
-7.65625E+00	+112.13E-03
-7.64063E+00	+112.26E-03
-7.62500E+00	+112.45E-03
-7.60938E+00	+112.57E-03
-7.59375E+00	+112.91E-03
-7.57813E+00	+112.95E-03
-7.56250E+00	+112.95E-03
-7.54688E+00	+113.21E-03
-7.53125E+00	+113.19E-03
-7.51563E+00	+113.35E-03
-7.50000E+00	+113.31E-03
-7.48438E+00	+113.74E-03
-7.46875E+00	+113.61E-03
-7.45313E+00	+113.83E-03
-7.43750E+00	+113.99E-03
-7.42188E+00	+113.93E-03
-7.40625E+00	+114.19E-03
-7.39063E+00	+113.74E-03
-7.37500E+00	+113.89E-03
-7.35938E+00	+114.04E-03
-7.34375E+00	+113.90E-03
-7.32813E+00	+113.93E-03
-7.31250E+00	+113.92E-03
-7.29688E+00	+113.68E-03
-7.28125E+00	+113.83E-03
-7.26563E+00	+113.61E-03
-7.25000E+00	+113.21E-03
-7.23438E+00	+113.53E-03
-7.21875E+00	+113.56E-03
-7.20313E+00	+113.39E-03
-7.18750E+00	+113.29E-03
-7.17188E+00	+113.22E-03
-7.15625E+00	+113.05E-03
-7.14063E+00	+113.05E-03
-7.12500E+00	+113.09E-03
-7.10938E+00	+112.86E-03
-7.09375E+00	+112.86E-03
-7.07813E+00	+112.73E-03
-7.06250E+00	+112.28E-03
-7.04688E+00	+112.41E-03
-7.03125E+00	+112.41E-03
-7.01563E+00	+112.23E-03
-7.00000E+00	+112.08E-03
-6.98438E+00	+112.18E-03
-6.96875E+00	+111.98E-03
-6.95313E+00	+111.68E-03
-6.93750E+00	+111.82E-03
-6.92188E+00	+111.54E-03
-6.90625E+00	+111.58E-03
-6.89063E+00	+111.53E-03
-6.87500E+00	+111.50E-03
-6.85938E+00	+111.40E-03
-6.84375E+00	+111.42E-03
-6.82813E+00	+111.40E-03
-6.81250E+00	+111.34E-03
-6.79688E+00	+111.45E-03
-6.78125E+00	+111.15E-03
-6.76563E+00	+111.52E-03
-6.75000E+00	+111.45E-03
-6.73438E+00	+111.24E-03
-6.71875E+00	+111.67E-03
-6.70313E+00	+111.37E-03
-6.68750E+00	+111.45E-03
-6.67188E+00	+111.38E-03
-6.65625E+00	+111.54E-03
-6.64063E+00	+111.42E-03
-6.62500E+00	+111.84E-03
-6.60938E+00	+111.78E-03
-6.59375E+00	+111.94E-03
-6.57813E+00	+111.84E-03
-6.56250E+00	+111.96E-03
-6.54688E+00	+112.02E-03
-6.53125E+00	+112.08E-03
-6.51563E+00	+112.02E-03
-6.50000E+00	+112.33E-03
-6.48438E+00	+112.19E-03
-6.46875E+00	+112.57E-03
-6.45313E+00	+112.43E-03
-6.43750E+00	+112.52E-03
-6.42188E+00	+112.36E-03
-6.40625E+00	+112.78E-03
-6.39063E+00	+112.53E-03
-6.37500E+00	+112.48E-03
-6.35938E+00	+112.66E-03
-6.34375E+00	+112.62E-03
-6.32813E+00	+112.66E-03
-6.31250E+00	+112.96E-03
-6.29688E+00	+112.77E-03
-6.28125E+00	+112.89E-03
-6.26563E+00	+113.09E-03
-6.25000E+00	+112.87E-03
-6.23438E+00	+112.99E-03
-6.21875E+00	+113.02E-03
-6.20313E+00	+112.65E-03
-6.18750E+00	+112.81E-03
-6.17188E+00	+112.84E-03
-6.15625E+00	+112.89E-03
-6.14063E+00	+113.11E-03
-6.12500E+00	+112.80E-03
-6.10938E+00	+112.72E-03
-6.09375E+00	+112.77E-03
-6.07813E+00	+113.01E-03
-6.06250E+00	+112.96E-03
-6.04688E+00	+112.78E-03
-6.03125E+00	+112.89E-03
-6.01563E+00	+112.67E-03
-6.00000E+00	+112.78E-03
-5.98438E+00	+112.65E-03
-5.96875E+00	+112.63E-03
-5.95313E+00	+112.86E-03
-5.93750E+00	+112.58E-03
-5.92188E+00	+112.85E-03
-5.90625E+00	+112.68E-03
-5.89063E+00	+112.57E-03
-5.87500E+00	+112.46E-03
-5.85938E+00	+112.56E-03
-5.84375E+00	+112.35E-03
-5.82813E+00	+112.53E-03
-5.81250E+00	+112.55E-03
-5.79688E+00	+112.19E-03
-5.78125E+00	+112.24E-03
-5.76563E+00	+112.23E-03
-5.75000E+00	+112.47E-03
-5.73438E+00	+112.09E-03
-5.71875E+00	+112.23E-03
-5.70313E+00	+112.40E-03
-5.68750E+00	+112.23E-03
-5.67188E+00	+112.36E-03
-5.65625E+00	+112.01E-03
-5.64063E+00	+112.37E-03
-5.62500E+00	+112.28E-03
-5.60938E+00	+112.38E-03
-5.59375E+00	+112.43E-03
-5.57813E+00	+112.40E-03
-5.56250E+00	+112.38E-03
-5.54688E+00	+112.26E-03
-5.53125E+00	+112.35E-03
-5.51563E+00	+112.43E-03
-5.50000E+00	+112.29E-03
-5.48438E+00	+112.38E-03
-5.46875E+00	+112.32E-03
-5.45313E+00	+112.31E-03
-5.43750E+00	+112.08E-03
-5.42188E+00	+112.22E-03
-5.40625E+00	+112.26E-03
-5.39063E+00	+112.28E-03
-5.37500E+00	+112.19E-03
-5.35938E+00	+112.46E-03
-5.34375E+00	+112.36E-03
-5.32813E+00	+112.26E-03
-5.31250E+00	+112.43E-03
-5.29688E+00	+112.27E-03
-5.28125E+00	+112.17E-03
-5.26563E+00	+112.16E-03
-5.25000E+00	+112.17E-03
-5.23438E+00	+112.27E-03
-5.21875E+00	+112.36E-03
-5.20313E+00	+112.22E-03
-5.18750E+00	+112.33E-03
-5.17188E+00	+112.24E-03
-5.15625E+00	+112.13E-03
-5.14063E+00	+112.24E-03
-5.12500E+00	+112.13E-03
-5.10938E+00	+112.14E-03
-5.09375E+00	+112.28E-03
-5.07813E+00	+112.03E-03
-5.06250E+00	+111.97E-03
-5.04688E+00	+112.26E-03
-5.03125E+00	+112.03E-03
-5.01563E+00	+112.16E-03
-5.00000E+00	+112.07E-03
-4.98438E+00	+112.06E-03
-4.96875E+00	+112.23E-03
-4.95313E+00	+112.45E-03
-4.93750E+00	+112.27E-03
-4.92188E+00	+112.13E-03
-4.90625E+00	+112.27E-03
-4.89063E+00	+112.31E-03
-4.87500E+00	+112.52E-03
-4.85938E+00	+112.06E-03
-4.84375E+00	+112.28E-03
-4.82813E+00	+112.16E-03
-4.81250E+00	+112.24E-03
-4.79688E+00	+112.14E-03
-4.78125E+00	+112.04E-03
-4.76563E+00	+112.12E-03
-4.75000E+00	+111.86E-03
-4.73438E+00	+112.12E-03
-4.71875E+00	+112.43E-03
-4.70313E+00	+112.01E-03
-4.68750E+00	+112.24E-03
-4.67188E+00	+112.07E-03
-4.65625E+00	+112.41E-03
-4.64063E+00	+112.14E-03
-4.62500E+00	+112.17E-03
-4.60938E+00	+112.16E-03
-4.59375E+00	+112.07E-03
-4.57813E+00	+111.92E-03
-4.56250E+00	+112.14E-03
-4.54688E+00	+112.18E-03
-4.53125E+00	+112.08E-03
-4.51563E+00	+112.21E-03
-4.50000E+00	+112.31E-03
-4.48438E+00	+112.07E-03
-4.46875E+00	+112.31E-03
-4.45313E+00	+112.13E-03
-4.43750E+00	+112.11E-03
-4.42188E+00	+111.98E-03
-4.40625E+00	+111.93E-03
-4.39063E+00	+112.28E-03
-4.37500E+00	+111.99E-03
-4.35938E+00	+112.16E-03
-4.34375E+00	+112.03E-03
-4.32813E+00	+112.35E-03
-4.31250E+00	+112.04E-03
-4.29688E+00	+111.93E-03
-4.28125E+00	+112.09E-03
-4.26563E+00	+112.21E-03
-4.25000E+00	+112.33E-03
-4.23438E+00	+112.28E-03
-4.21875E+00	+112.29E-03
-4.20313E+00	+112.21E-03
-4.18750E+00	+112.28E-03
-4.17188E+00	+112.07E-03
-4.15625E+00	+112.17E-03
-4.14063E+00	+112.14E-03
-4.12500E+00	+112.11E-03
-4.10938E+00	+112.32E-03
-4.09375E+00	+112.12E-03
-4.07813E+00	+112.19E-03
-4.06250E+00	+112.06E-03
-4.04688E+00	+112.51E-03
-4.03125E+00	+112.21E-03
-4.01563E+00	+112.19E-03
-4.00000E+00	+112.06E-03
-3.98438E+00	+112.32E-03
-3.96875E+00	+112.16E-03
-3.95313E+00	+112.26E-03
-3.93750E+00	+111.96E-03
-3.92188E+00	+112.27E-03
-3.90625E+00	+112.45E-03
-3.89063E+00	+112.38E-03
-3.87500E+00	+112.19E-03
-3.85938E+00	+112.21E-03
-3.84375E+00	+112.01E-03
-3.82813E+00	+112.01E-03
-3.81250E+00	+112.24E-03
-3.79688E+00	+112.22E-03
-3.78125E+00	+112.19E-03
-3.76563E+00	+111.99E-03
-3.75000E+00	+112.35E-03
-3.73438E+00	+112.18E-03
-3.71875E+00	+111.98E-03
-3.70313E+00	+112.31E-03
-3.68750E+00	+112.24E-03
-3.67188E+00	+112.18E-03
-3.65625E+00	+112.17E-03
-3.64063E+00	+112.12E-03
-3.62500E+00	+112.08E-03
-3.60938E+00	+112.23E-03
-3.59375E+00	+112.09E-03
-3.57813E+00	+112.09E-03
-3.56250E+00	+112.21E-03
-3.54688E+00	+112.12E-03
-3.53125E+00	+112.16E-03
-3.51563E+00	+112.09E-03
-3.50000E+00	+112.16E-03
-3.48438E+00	+111.93E-03
-3.46875E+00	+111.99E-03
-3.45313E+00	+112.19E-03
-3.43750E+00	+111.88E-03
-3.42188E+00	+112.16E-03
-3.40625E+00	+112.12E-03
-3.39063E+00	+112.14E-03
-3.37500E+00	+112.07E-03
-3.35938E+00	+112.12E-03
-3.34375E+00	+112.09E-03
-3.32813E+00	+112.09E-03
-3.31250E+00	+112.18E-03
-3.29688E+00	+111.99E-03
-3.28125E+00	+112.29E-03
-3.26563E+00	+112.12E-03
-3.25000E+00	+112.01E-03
-3.23438E+00	+112.23E-03
-3.21875E+00	+111.97E-03
-3.20313E+00	+111.92E-03
-3.18750E+00	+112.06E-03
-3.17188E+00	+112.11E-03
-3.15625E+00	+112.08E-03
-3.14063E+00	+112.04E-03
-3.12500E+00	+112.11E-03
-3.10938E+00	+111.96E-03
-3.09375E+00	+112.04E-03
-3.07813E+00	+112.22E-03
-3.06250E+00	+112.27E-03
-3.04688E+00	+111.87E-03
-3.03125E+00	+112.24E-03
-3.01563E+00	+112.09E-03
-3.00000E+00	+111.91E-03
-2.98438E+00	+112.08E-03
-2.96875E+00	+112.03E-03
-2.95313E+00	+112.07E-03
-2.93750E+00	+112.37E-03
-2.92188E+00	+112.03E-03
-2.90625E+00	+112.19E-03
-2.89063E+00	+112.33E-03
-2.87500E+00	+112.13E-03
-2.85938E+00	+112.19E-03
-2.84375E+00	+112.14E-03
-2.82813E+00	+112.37E-03
-2.81250E+00	+112.13E-03
-2.79688E+00	+112.24E-03
-2.78125E+00	+112.04E-03
-2.76563E+00	+112.38E-03
-2.75000E+00	+112.18E-03
-2.73438E+00	+112.28E-03
-2.71875E+00	+112.37E-03
-2.70313E+00	+112.23E-03
-2.68750E+00	+112.07E-03
-2.67188E+00	+112.21E-03
-2.65625E+00	+112.07E-03
-2.64063E+00	+112.41E-03
-2.62500E+00	+112.53E-03
-2.60938E+00	+112.21E-03
-2.59375E+00	+112.33E-03
-2.57813E+00	+112.36E-03
-2.56250E+00	+112.02E-03
-2.54688E+00	+112.12E-03
-2.53125E+00	+112.43E-03
-2.51563E+00	+112.38E-03
-2.50000E+00	+112.37E-03
-2.48438E+00	+112.22E-03
-2.46875E+00	+112.18E-03
-2.45313E+00	+112.04E-03
-2.43750E+00	+111.86E-03
-2.42188E+00	+112.11E-03
-2.40625E+00	+112.04E-03
-2.39063E+00	+112.27E-03
-2.37500E+00	+112.03E-03
-2.35938E+00	+112.18E-03
-2.34375E+00	+112.23E-03
-2.32813E+00	+112.09E-03
-2.31250E+00	+112.14E-03
-2.29688E+00	+112.17E-03
-2.28125E+00	+112.37E-03
-2.26563E+00	+112.21E-03
-2.25000E+00	+112.09E-03
-2.23438E+00	+112.03E-03
-2.21875E+00	+112.21E-03
-2.20313E+00	+112.06E-03
-2.18750E+00	+111.96E-03
-2.17188E+00	+111.87E-03
-2.15625E+00	+112.13E-03
-2.14063E+00	+112.37E-03
-2.12500E+00	+112.18E-03
-2.10938E+00	+111.99E-03
-2.09375E+00	+112.19E-03
-2.07813E+00	+112.07E-03
-2.06250E+00	+112.06E-03
-2.04688E+00	+112.12E-03
-2.03125E+00	+112.13E-03
-2.01563E+00	+111.77E-03
-2.00000E+00	+112.11E-03
-1.98438E+00	+111.98E-03
-1.96875E+00	+112.18E-03
-1.95313E+00	+112.21E-03
-1.93750E+00	+111.89E-03
-1.92188E+00	+112.26E-03
-1.90625E+00	+112.13E-03
-1.89063E+00	+111.94E-03
-1.87500E+00	+112.18E-03
-1.85938E+00	+111.86E-03
-1.84375E+00	+112.33E-03
-1.82813E+00	+112.27E-03
-1.81250E+00	+112.07E-03
-1.79688E+00	+112.11E-03
-1.78125E+00	+112.16E-03
-1.76563E+00	+112.07E-03
-1.75000E+00	+112.12E-03
-1.73438E+00	+112.14E-03
-1.71875E+00	+112.18E-03
-1.70313E+00	+112.02E-03
-1.68750E+00	+112.09E-03
-1.67188E+00	+112.29E-03
-1.65625E+00	+112.21E-03
-1.64063E+00	+112.03E-03
-1.62500E+00	+112.04E-03
-1.60938E+00	+112.16E-03
-1.59375E+00	+112.51E-03
-1.57813E+00	+112.19E-03
-1.56250E+00	+112.22E-03
-1.54688E+00	+112.37E-03
-1.53125E+00	+112.01E-03
-1.51563E+00	+112.14E-03
-1.50000E+00	+112.33E-03
-1.48438E+00	+112.06E-03
-1.46875E+00	+112.23E-03
-1.45313E+00	+112.33E-03
-1.43750E+00	+112.17E-03
-1.42188E+00	+111.96E-03
-1.40625E+00	+112.08E-03
-1.39063E+00	+112.52E-03
-1.37500E+00	+112.26E-03
-1.35938E+00	+112.12E-03
-1.34375E+00	+112.29E-03
-1.32813E+00	+112.07E-03
-1.31250E+00	+112.21E-03
-1.29688E+00	+112.29E-03
-1.28125E+00	+112.27E-03
-1.26563E+00	+111.78E-03
-1.25000E+00	+112.13E-03
-1.23438E+00	+112.01E-03
-1.21875E+00	+112.24E-03
-1.20313E+00	+112.07E-03
-1.18750E+00	+112.22E-03
-1.17188E+00	+112.28E-03
-1.15625E+00	+112.27E-03
-1.14063E+00	+112.46E-03
-1.12500E+00	+112.21E-03
-1.10938E+00	+112.07E-03
-1.09375E+00	+112.08E-03
-1.07813E+00	+112.26E-03
-1.06250E+00	+111.98E-03
-1.04688E+00	+112.29E-03
-1.03125E+00	+112.07E-03
-1.01563E+00	+112.04E-03
-1.00000E+00	+111.86E-03
-984.38E-03	+111.93E-03
-968.75E-03	+112.18E-03
-953.13E-03	+112.16E-03
-937.50E-03	+112.13E-03
-921.88E-03	+112.11E-03
-906.25E-03	+112.14E-03
-890.63E-03	+112.21E-03
-875.00E-03	+112.13E-03
-859.38E-03	+111.94E-03
-843.75E-03	+112.18E-03
-828.13E-03	+111.82E-03
-812.50E-03	+112.16E-03
-796.88E-03	+111.97E-03
-781.25E-03	+112.24E-03
-765.63E-03	+112.03E-03
-750.00E-03	+111.93E-03
-734.38E-03	+112.11E-03
-718.75E-03	+112.08E-03
-703.13E-03	+112.19E-03
-687.50E-03	+112.11E-03
-671.88E-03	+111.94E-03
-656.25E-03	+112.11E-03
-640.63E-03	+112.01E-03
-625.00E-03	+112.08E-03
-609.38E-03	+112.26E-03
-593.75E-03	+112.31E-03
-578.13E-03	+112.04E-03
-562.50E-03	+112.07E-03
-546.88E-03	+112.16E-03
-531.25E-03	+112.18E-03
-515.63E-03	+112.23E-03
-500.00E-03	+112.23E-03
-484.38E-03	+112.41E-03
-468.75E-03	+112.13E-03
-453.13E-03	+112.09E-03
-437.50E-03	+112.36E-03
-421.88E-03	+112.36E-03
-406.25E-03	+112.12E-03
-390.63E-03	+112.12E-03
-375.00E-03	+112.46E-03
-359.38E-03	+112.16E-03
-343.75E-03	+112.27E-03
-328.13E-03	+112.33E-03
-312.50E-03	+112.33E-03
-296.88E-03	+112.24E-03
-281.25E-03	+112.42E-03
-265.63E-03	+112.28E-03
-250.00E-03	+112.41E-03
-234.38E-03	+112.58E-03
-218.75E-03	+112.33E-03
-203.13E-03	+112.22E-03
-187.50E-03	+112.11E-03
-171.88E-03	+112.26E-03
-156.25E-03	+112.17E-03
-140.63E-03	+112.33E-03
-125.00E-03	+112.11E-03
-109.38E-03	+112.55E-03
-93.75E-03	+112.43E-03
-78.13E-03	+112.40E-03
-62.50E-03	+112.19E-03
-46.88E-03	+112.06E-03
-31.25E-03	+112.04E-03
-15.63E-03	+112.23E-03
