Temps	V1	Temps	V2	Fréquence	S_Amplitude
0	-0.467232198920101	0	-1.62665107101202	0	0
5E-6	-0.311833258252591	5E-6	-1.64323617238551	202.026984327604	0
1E-5	-0.1231345445849	1E-5	-1.65982127375901	404.053968655207	0.00413234939631065
1.5E-5	0.082214055582881	1.5E-5	-1.681934742257	606.080952982811	0
2E-5	0.282012693583965	2E-5	-1.69299147650599	808.107937310415	0
2.5E-5	0.459611482918262	2.5E-5	-1.70957657787949	1010.13492163802	0
3E-5	0.598360537085682	3E-5	-1.73169004637748	1212.16190596562	0
3.5E-5	0.676060007419437	3.5E-5	-1.74827514775097	1414.18889029323	0
4E-5	0.692709893919528	4E-5	-1.75380351487547	1616.21587462083	0
4.5E-5	0.63721027225256	4.5E-5	-1.77591698337346	1818.24285894843	0
5E-5	0.51511110458523	5E-5	-1.78697371762246	2020.26984327604	0
5.5E-5	0.34306227741763	5.5E-5	-1.79803045187145	2222.29682760364	0
6E-5	0.137713677249849	6E-5	-1.81461555324495	2424.32381193124	0
6.5E-5	-0.0842848094180226	6.5E-5	-1.82567228749394	2626.35079625885	0
7E-5	-0.300733333919197	7E-5	-1.84225738886744	2828.37778058645	0
7.5E-5	-0.489432047586888	7.5E-5	-1.84778575599194	3030.40476491405	0
8E-5	-0.639281026087701	8E-5	-1.85884249024093	3232.43174924166	0
8.5E-5	-0.722530458588153	8.5E-5	-1.86989922448993	3434.45873356926	0
9E-5	-0.74473030725494	9E-5	-1.88095595873892	3636.48571789687	0
9.5E-5	-0.672580799087882	9.5E-5	-1.89754106011242	3838.51270222447	0
0.0001	-0.550481631420553	0.0001	-1.90306942723691	4040.53968655207	0
0.000105	-0.367332879919559	0.000105	-1.91412616148591	4242.56667087968	0
0.00011	-0.145334393251687	0.00011	-1.92518289573491	4444.59365520728	0
0.000115	0.0933139799162745	0.000115	-1.9362396299839	4646.62063953488	0
0.00012	0.32641239091754	0.00012	-1.9472963642329	4848.64762386249	0
0.000125	0.520661066751927	0.000125	-1.9528247313574	5050.67460819009	0
0.00013	0.676060007419437	0.00013	-1.95835309848189	5252.70159251769	0
0.000135	0.764859402086586	0.000135	-1.96940983273089	5454.7285768453	0
0.00014	0.781509288586676	0.00014	-1.97493819985539	5656.7555611729	0
0.000145	0.709359780419618	0.000145	-1.98046656697989	5858.78254550051	0
0.00015	0.570610726252198	0.00015	-1.98599493410438	6060.80952982811	0
0.000155	0.381912012584507	0.000155	-1.99152330122888	6262.83651415571	0
0.00016	0.148813601583242	0.00016	-1.99705166835338	6464.86349848332	0
0.000165	-0.0953847337514162	0.000165	-2.00258003547788	6666.89048281092	0
0.00017	-0.328483144752681	0.00017	-2.00258003547788	6868.91746713852	0
0.000175	-0.528281782753766	0.000175	-2.00258003547788	7070.94445146613	0
0.00018	-0.689230685587972	0.00018	-2.00810840260237	7272.97143579373	0
0.000185	-0.778030080255121	0.000185	-2.00810840260237	7474.99842012133	0
0.00019	-0.789130004588515	0.00019	-2.01363676972687	7677.02540444894	0
0.000195	-0.716980496421456	0.000195	-2.01363676972687	7879.05238877654	0
0.0002	-0.578231442254037	0.0002	-2.01363676972687	8081.07937310415	0
0.000205	-0.383982766419649	0.000205	-2.01363676972687	8283.10635743175	0
0.00021	-0.150884355418384	0.00021	-2.00810840260237	8485.13334175935	0
0.000215	0.0933139799162745	0.000215	-2.00810840260237	8687.16032608696	0
0.00022	0.337512315250933	0.00022	-2.00810840260237	8889.18731041456	0.00447092123508242
0.000225	0.537310953252017	0.000225	-2.00810840260237	9091.21429474216	0.00407548748407728
0.00023	0.692709893919528	0.00023	-1.99705166835338	9293.24127906977	0.00823743293957853
0.000235	0.775959326419979	0.000235	-2.00258003547788	9495.26826339737	0.385933081733863
0.00024	0.781509288586676	0.00024	-1.99705166835338	9697.29524772497	0.00782527510415003
0.000245	0.714909742586315	0.000245	-1.99705166835338	9899.32223205258	0.00981857772600709
0.00025	0.570610726252198	0.00025	-1.98599493410438	10101.3492163802	0.00849742215172397
0.000255	0.381912012584507	0.000255	-1.97493819985539	10303.3762007078	0.0110133830607012
0.00026	0.154363563749939	0.00026	-1.97493819985539	10505.4031850354	0.385122933579418
0.000265	-0.0898347715847194	0.000265	-1.96940983273089	10707.430169363	0.0119279252934802
0.00027	-0.322933182585984	0.00027	-1.95835309848189	10909.4571536906	0.00572983997035515
0.000275	-0.517181858420372	0.000275	-1.9472963642329	11111.4841380182	0.00495669057647025
0.00028	-0.667030836921185	0.00028	-1.9472963642329	11313.5111223458	0
0.000285	-0.750280269421637	0.000285	-1.9307112628594	11515.5381066734	0
0.00029	-0.761380193755031	0.00029	-1.91965452861041	11717.565091001	0
0.000295	-0.683680723421276	0.000295	-1.91412616148591	11919.5920753286	0
0.0003	-0.544931669253856	0.0003	-1.90306942723691	12121.6190596562	0
0.000305	-0.361782917752862	0.000305	-1.89201269298792	12323.6460439838	0
0.00031	-0.145334393251687	0.00031	-1.88095595873892	12525.6730283114	0
0.000315	0.0933139799162745	0.000315	-1.86989922448993	12727.700012639	0
0.00032	0.309762504417449	0.00032	-1.85884249024093	12929.7269969666	0
0.000325	0.49846121808514	0.000325	-1.84778575599194	13131.7539812942	0
0.00033	0.63721027225256	0.00033	-1.84225738886744	13333.7809656218	0
0.000335	0.709359780419618	0.000335	-1.82567228749394	13535.8079499494	0
0.00034	0.714909742586315	0.00034	-1.81461555324495	13737.834934277	0
0.000345	0.642760234419256	0.000345	-1.79803045187145	13939.8619186047	0
0.00035	0.509561142418534	0.00035	-1.78697371762246	14141.8889029323	0
0.000355	0.337512315250933	0.000355	-1.77591698337346	14343.9158872599	0
0.00036	0.137713677249849	0.00036	-1.75933188199997	14545.9428715875	0
0.000365	-0.0787348472513258	0.000365	-1.74274678062648	14747.9698559151	0
0.00037	-0.284083447419107	0.00037	-1.72616167925298	14949.9968402427	0
0.000375	-0.456132274586707	0.000375	-1.70957657787949	15152.0238245703	0
0.00038	-0.583781404420733	0.00038	-1.69851984363049	15354.0508088979	0
0.000385	-0.644830988254398	0.000385	-1.6874631093815	15556.0777932255	0
0.00039	-0.661480874754488	0.00039	-1.65982127375901	15758.1047775531	0
0.000395	-0.58933136658743	0.000395	-1.64323617238551	15960.1317618807	0
0.0004	-0.472782161086798	0.0004	-1.62665107101202	16162.1587462083	0
0.000405	-0.311833258252591	0.000405	-1.61006596963853	16364.1857305359	0
0.00041	-0.1231345445849	0.00041	-1.58795250114053	16566.2127148635	0
0.000415	0.0711141312494874	0.000415	-1.57136739976704	16768.2396991911	0
0.00042	0.259812844917178	0.00042	-1.54925393126905	16970.2666835187	0
0.000425	0.409661823417991	0.000425	-1.52714046277106	17172.2936678463	0
0.00043	0.51511110458523	0.00043	-1.51055536139756	17374.3206521739	0
0.000435	0.576160688418895	0.000435	-1.48291352577507	17576.3476365015	0
0.00044	0.581710650585592	0.00044	-1.46632842440158	17778.3746208291	0
0.000445	0.51511110458523	0.000445	-1.44421495590359	17980.4016051567	0
0.00045	0.409661823417991	0.00045	-1.4221014874056	18182.4285894843	0
0.000455	0.265362807083875	0.000455	-1.39998801890761	18384.4555738119	0
0.00046	0.109963866416365	0.00046	-1.37787455040962	18586.4825581395	0
0.000465	-0.0620849607512355	0.000465	-1.35023271478713	18788.5095424671	0
0.00047	-0.217483901418746	0.00047	-1.33364761341363	18990.5365267947	0
0.000475	-0.356232955586165	0.000475	-1.30600577779114	19192.5635111223	0
0.00048	-0.445032350253314	0.00048	-1.28389230929315		
0.000485	-0.489432047586888	0.000485	-1.26177884079516		
0.00049	-0.489432047586888	0.00049	-1.23966537229717		
0.000495	-0.43393242591992	0.000495	-1.21202353667468		
0.0005	-0.345133031252772	0.0005	-1.18991006817669		
0.000505	-0.228583825752139	0.000505	-1.1622682325542		
0.00051	-0.0898347715847194	0.00051	-1.14015476405621		
0.000515	0.0489142825827003	0.000515	-1.11251292843372		
0.00052	0.182113374583423	0.00052	-1.08487109281123		
0.000525	0.287562655750662	0.000525	-1.06275762431324		
0.00053	0.35971216391772	0.00053	-1.03511578869075		
0.000535	0.387461974751204	0.000535	-1.01300232019275		
0.00054	0.381912012584507	0.00054	-0.985360484570265		
0.000545	0.34306227741763	0.000545	-0.952190281823277		
0.00055	0.265362807083875	0.00055	-0.930076813325286		
0.000555	0.176563412416726	0.000555	-0.902434977702796		
0.00056	0.0655641690827906	0.00056	-0.874793142080307		
0.000565	-0.0398851120844483	0.000565	-0.847151306457818		
0.00057	-0.134234468918294	0.00057	-0.819509470835328		
0.000575	-0.211933939252049	0.000575	-0.786339268088341		
0.00058	-0.26188359875232	0.00058	-0.753169065341353		
0.000585	-0.284083447419107	0.000585	-0.73658396396786		
0.00059	-0.284083447419107	0.00059	-0.703413761220872		
0.000595	-0.245233712252229	0.000595	-0.675771925598383		
0.0006	-0.189734090585262	0.0006	-0.642601722851396		
0.000605	-0.117584582418203	0.000605	-0.609431520104408		
0.00061	-0.0509850364178419	0.00061	-0.587318051606417		
0.000615	0.0267144339159131	0.000615	-0.559676215983927		
0.00062	0.082214055582881	0.00062	-0.520977646112442		
0.000625	0.132163715083152	0.000625	-0.493335810489953		
0.00063	0.159913525916636	0.00063	-0.460165607742965		
0.000635	0.165463488083333	0.000635	-0.432523772120476		
0.00064	0.154363563749939	0.00064	-0.399353569373488		
0.000645	0.132163715083152	0.000645	-0.377240100875497		
0.00065	0.0988639420829713	0.00065	-0.34406989812851		
0.000655	0.0600142069160938	0.000655	-0.31642806250602		
0.00066	0.0156145095825195	0.00066	-0.277729492634535		
0.000665	-0.0176852634176612	0.000665	-0.250087657012045		
0.00067	-0.0398851120844483	0.00067	-0.222445821389556		
0.000675	-0.0509850364178419	0.000675	-0.189275618642569		
0.00068	-0.0565349985845387	0.00068	-0.161633783020079		
0.000685	-0.0509850364178419	0.000685	-0.128463580273092		
0.00069	-0.0398851120844483	0.00069	-0.0952933775261045		
0.000695	-0.0287851877510548	0.000695	-0.067651541903615		
0.0007	-0.0176852634176612	0.0007	-0.0344813391566277		
0.000705	-0.00658533908426762	0.000705	-0.0068395035341382		
0.00071	-0.00103537691757083	0.00071	0.0263306992128491		
0.000715	-0.00103537691757083	0.000715	0.0539725348353386		
0.00072	-0.023235225584358	0.00072	0.081614370457828		
0.000725	-0.0343351499177516	0.000725	0.120312940329313		
0.00073	-0.0565349985845387	0.00073	0.147954775951803		
0.000735	-0.0676349229179323	0.000735	0.18112497869879		
0.00074	-0.0898347715847194	0.00074	0.214295181445777		
0.000745	-0.0898347715847194	0.000745	0.236408649943769		
0.00075	-0.0787348472513258	0.00075	0.269578852690756		
0.000755	-0.0620849607512355	0.000755	0.302749055437744		
0.00076	-0.0287851877510548	0.00076	0.330390891060233		
0.000765	0.0100645474158227	0.000765	0.36356109380722		
0.00077	0.0600142069160938	0.00077	0.39120292942971		
0.000775	0.104413904249668	0.000775	0.424373132176697		
0.00078	0.148813601583242	0.00078	0.452014967799187		
0.000785	0.176563412416726	0.000785	0.479656803421676		
0.00079	0.198763261083513	0.00079	0.512827006168664		
0.000795	0.18766333675012	0.000795	0.545997208915651		
0.0008	0.159913525916636	0.0008	0.568110677413642		
0.000805	0.109963866416365	0.000805	0.595752513036132		
0.00081	0.0433643204160035	0.00081	0.628922715783119		
0.000815	-0.0398851120844483	0.000815	0.656564551405609		
0.00082	-0.1231345445849	0.00082	0.684206387028098		
0.000825	-0.195284052751958	0.000825	0.717376589775085		
0.00083	-0.26188359875232	0.00083	0.739490058273077		
0.000835	-0.306283296085894	0.000835	0.772660261020064		
0.00084	-0.317383220419288	0.00084	0.800302096642554		
0.000845	-0.300733333919197	0.000845	0.827943932265043		
0.00085	-0.250783674418926	0.00085	0.855585767887533		
0.000855	-0.178634166251868	0.000855	0.883227603510022		
0.00086	-0.0731848850846291	0.00086	0.910869439132512		
0.000865	0.0322643960826099	0.000865	0.932982907630503		
0.00087	0.148813601583242	0.00087	0.960624743252993		
0.000875	0.259812844917178	0.000875	0.988266578875482		
0.00088	0.337512315250933	0.00088	1.02143678162247		
0.000885	0.398561899084598	0.000885	1.03802188299596		
0.00089	0.404111861251295	0.00089	1.06013535149395		
0.000895	0.381912012584507	0.000895	1.08777718711644		
0.0009	0.315312466584146	0.0009	1.11541902273893		
0.000905	0.209863185416907	0.000905	1.13753249123693		
0.00091	0.0877640177495778	0.00091	1.16517432685941		
0.000915	-0.0620849607512355	0.000915	1.18728779535741		
0.00092	-0.206383977085352	0.00092	1.2094012638554		
0.000925	-0.334033106919378	0.000925	1.23151473235339		
0.00093	-0.439482388086617	0.00093	1.25915656797588		
0.000935	-0.500531971920282	0.000935	1.28127003647387		
0.00094	-0.517181858420372	0.00094	1.30338350497186		
0.000945	-0.483882085420191	0.000945	1.32549697346985		
0.00095	-0.395082690753043	0.00095	1.34761044196784		
0.000955	-0.272983523085713	0.000955	1.36972391046584		
0.00096	-0.117584582418203	0.00096	1.39183737896383		
0.000965	0.054464244749397	0.000965	1.40842248033732		
0.00097	0.226513071916997	0.00097	1.43606431595981		
0.000975	0.376362050417811	0.000975	1.4526494173333		
0.00098	0.492911255918443	0.00098	1.4747628858313		
0.000985	0.565060764085501	0.000985	1.49687635432929		
0.00099	0.587260612752289	0.00099	1.51346145570278		
0.000995	0.542860915418714	0.000995	1.53557492420077		
0.001	0.437411634251475	0.001	1.55768839269876		
0.001005	0.298662580084056	0.001005	1.56874512694776		
0.00101	0.115513828583062	0.00101	1.58533022832125		
0.001015	-0.0842848094180226	0.001015	1.60744369681925		
0.00102	-0.272983523085713	0.00102	1.62402879819274		
0.001025	-0.445032350253314	0.001025	1.64061389956623		
0.00103	-0.57268148008734	0.00103	1.65719900093973		
0.001035	-0.661480874754488	0.001035	1.66825573518872		
0.00104	-0.667030836921185	0.00104	1.68484083656222		
0.001045	-0.617081177420914	0.001045	1.70695430506021		
0.00105	-0.500531971920282	0.00105	1.71248267218471		
0.001055	-0.339583069086075	0.001055	1.7235394064337		
0.00106	-0.145334393251687	0.00106	1.7401245078072		
0.001065	0.0711141312494874	0.001065	1.75118124205619		
0.00107	0.287562655750662	0.00107	1.76223797630519		
0.001075	0.459611482918262	0.001075	1.77329471055418		
0.00108	0.598360537085682	0.00108	1.78987981192768		
0.001085	0.687159931752831	0.001085	1.80093654617667		
0.00109	0.703809818252921	0.00109	1.81199328042567		
0.001095	0.642760234419256	0.001095	1.81752164755017		
0.0011	0.51511110458523	0.0011	1.82857838179916		
0.001105	0.348612239584327	0.001105	1.84516348317266		
0.00111	0.137713677249849	0.00111	1.85069185029715		
0.001115	-0.0953847337514162	0.001115	1.85622021742165		
0.00112	-0.317383220419288	0.00112	1.87280531879514		
0.001125	-0.506081934086978	0.001125	1.88386205304414		
0.00113	-0.661480874754488	0.00113	1.88386205304414		
0.001135	-0.74473030725494	0.001135	1.89491878729314		
0.00114	-0.755830231588334	0.00114	1.90044715441763		
0.001145	-0.689230685587972	0.001145	1.90597552154213		
0.00115	-0.55603159358725	0.00115	1.91150388866663		
0.001155	-0.378432804252952	0.001155	1.91703225579113		
0.00116	-0.156434317585081	0.00116	1.92256062291563		
0.001165	0.0766640934161842	0.001165	1.92808899004012		
0.00117	0.304212542250752	0.00117	1.93361735716462		
0.001175	0.49846121808514	0.001175	1.93914572428912		
0.00118	0.65386015875265	0.00118	1.93361735716462		
0.001185	0.737109591253102	0.001185	1.93914572428912		
0.00119	0.748209515586495	0.00119	1.94467409141362		
0.001195	0.687159931752831	0.001195	1.94467409141362		
0.0012	0.553960839752108	0.0012	1.93914572428912		
0.001205	0.365262126084417	0.001205	1.94467409141362		
0.00121	0.137713677249849	0.00121	1.94467409141362		
0.001215	-0.0953847337514162	0.001215	1.93914572428912		
0.00122	-0.334033106919378	0.00122	1.94467409141362		
0.001225	-0.528281782753766	0.001225	1.93914572428912		
0.00123	-0.672580799087882	0.00123	1.93914572428912		
0.001235	-0.755830231588334	0.001235	1.93361735716462		
0.00124	-0.766930155921727	0.00124	1.93361735716462		
0.001245	-0.700330609921366	0.001245	1.92808899004012		
0.00125	-0.561581555753946	0.00125	1.92256062291563		
0.001255	-0.372882842086256	0.001255	1.92256062291563		
0.00126	-0.156434317585081	0.00126	1.91703225579113		
0.001265	0.0766640934161842	0.001265	1.90597552154213		
0.00127	0.304212542250752	0.00127	1.90044715441763		
0.001275	0.487361293751746	0.001275	1.88939042016864		
0.00128	0.63721027225256	0.00128	1.88386205304414		
0.001285	0.714909742586315	0.001285	1.87833368591964		
0.00129	0.726009666919708	0.00129	1.86727695167065		
0.001295	0.65386015875265	0.001295	1.85622021742165		
0.0013	0.526211028918624	0.0013	1.85069185029715		
0.001305	0.348612239584327	0.001305	1.83410674892366		
0.00131	0.132163715083152	0.00131	1.82857838179916		
0.001315	-0.0842848094180226	0.001315	1.81752164755017		
0.00132	-0.306283296085894	0.00132	1.80646491330117		
0.001325	-0.489432047586888	0.001325	1.79540817905217		
0.00133	-0.622631139587611	0.00133	1.78987981192768		
0.001335	-0.694780647754669	0.001335	1.77329471055418		
0.00134	-0.700330609921366	0.00134	1.76223797630519		
0.001345	-0.633731063921005	0.001345	1.74565287493169		
0.00135	-0.511631896253675	0.00135	1.7345961406827		
0.001355	-0.345133031252772	0.001355	1.7235394064337		
0.00136	-0.145334393251687	0.00136	1.70695430506021		
0.001365	0.0655641690827906	0.001365	1.69589757081121		
0.00137	0.259812844917178	0.00137	1.67931246943772		
0.001375	0.431861672084779	0.001375	1.66272736806422		
0.00138	0.553960839752108	0.00138	1.64614226669073		
0.001385	0.620560385752469	0.001385	1.62955716531724		
0.00139	0.626110347919166	0.00139	1.61297206394374		
0.001395	0.565060764085501	0.001395	1.59638696257025		
0.0014	0.448511558584869	0.0014	1.57980186119676		
0.001405	0.293112617917359	0.001405	1.56321675982326		
0.00141	0.115513828583062	0.00141	1.54110329132527		
0.001415	-0.0787348472513258	0.001415	1.51898982282728		
0.00142	-0.256333636585623	0.00142	1.50240472145379		
0.001425	-0.406182615086436	0.001425	1.48029125295579		
0.00143	-0.506081934086978	0.00143	1.4637061515823		
0.001435	-0.567131517920643	0.001435	1.43606431595981		
0.00144	-0.567131517920643	0.00144	1.42500758171082		
0.001445	-0.506081934086978	0.001445	1.39736574608833		
0.00145	-0.406182615086436	0.00145	1.37525227759033		
0.001455	-0.267433560919017	0.001455	1.34761044196784		
0.00146	-0.112034620251507	0.00146	1.33102534059435		
0.001465	0.054464244749397	0.001465	1.30891187209636		
0.00147	0.198763261083513	0.00147	1.28127003647387		
0.001475	0.32641239091754	0.001475	1.26468493510038		
0.00148	0.415211785584688	0.00148	1.23704309947789		
0.001485	0.454061520751566	0.001485	1.2149296309799		
0.00149	0.465161445084959	0.00149	1.1928161624819		
0.001495	0.415211785584688	0.001495	1.17070269398391		
0.0015	0.32641239091754	0.0015	1.14306085836142		
0.001505	0.20431322325021	0.001505	1.12094738986343		
0.00151	0.082214055582881	0.00151	1.08777718711644		
0.001515	-0.0565349985845387	0.001515	1.06566371861845		
0.00152	-0.178634166251868	0.00152	1.04355025012046		
0.001525	-0.27853348525241	0.001525	1.01590841449797		
0.00153	-0.350682993419468	0.00153	0.99379494599998		
0.001535	-0.378432804252952	0.001535	0.966153110377491		
0.00154	-0.378432804252952	0.00154	0.938511274755001		
0.001545	-0.328483144752681	0.001545	0.910869439132512		
0.00155	-0.26188359875232	0.00155	0.883227603510022		
0.001555	-0.173084204085171	0.001555	0.855585767887533		
0.00156	-0.0676349229179323	0.00156	0.827943932265043		
0.001565	0.0267144339159131	0.001565	0.800302096642554		
0.00157	0.121063790749758	0.00157	0.772660261020064		
0.001575	0.193213298916817	0.001575	0.739490058273077		
0.00158	0.237612996250391	0.00158	0.711848222650588		
0.001585	0.259812844917178	0.001585	0.684206387028098		
0.00159	0.248712920583785	0.00159	0.656564551405609		
0.001595	0.215413147583604	0.001595	0.623394348658621		
0.0016	0.165463488083333	0.0016	0.595752513036132		
0.001605	0.109963866416365	0.001605	0.568110677413642		
0.00161	0.0378143582493067	0.00161	0.534940474666655		
0.001615	-0.0287851877510548	0.001615	0.507298639044166		
0.00162	-0.0842848094180226	0.00162	0.474128436297178		
0.001625	-0.1231345445849	0.001625	0.446486600674689		
0.00163	-0.150884355418384	0.00163	0.413316397927701		
0.001635	-0.156434317585081	0.001635	0.385674562305212		
0.00164	-0.139784431084991	0.00164	0.352504359558225		
0.001645	-0.117584582418203	0.001645	0.319334156811237		
0.00165	-0.0842848094180226	0.00165	0.291692321188748		
0.001655	-0.0565349985845387	0.001655	0.258522118441761		
0.00166	-0.0176852634176612	0.00166	0.230880282819271		
0.001665	-0.00103537691757083	0.001665	0.197710080072284		
0.00167	0.0211644717492163	0.00167	0.170068244449794		
0.001675	0.0322643960826099	0.001675	0.136898041702807		
0.00168	0.0378143582493067	0.00168	0.10372783895582		
0.001685	0.0267144339159131	0.001685	0.0760860033333302		
0.00169	0.0100645474158227	0.00169	0.0484441677108407		
0.001695	-0.00103537691757083	0.001695	0.00974559783935547		
0.0017	-0.0121353012509644	0.0017	-0.0123678706586361		
0.001705	-0.0121353012509644	0.001705	-0.0455380734056234		
0.00171	-0.00658533908426762	0.00171	-0.0787082761526108		
0.001715	-0.00103537691757083	0.001715	-0.111878478899598		
0.00172	0.0156145095825195	0.00172	-0.139520314522088		
0.001725	0.0489142825827003	0.001725	-0.167162150144577		
0.00173	0.0655641690827906	0.00173	-0.200332352891564		
0.001735	0.0877640177495778	0.001735	-0.233502555638552		
0.00174	0.0988639420829713	0.00174	-0.266672758385539		
0.001745	0.104413904249668	0.001745	-0.294314594008029		
0.00175	0.0877640177495778	0.00175	-0.321956429630518		
0.001755	0.0655641690827906	0.001755	-0.360654999502003		
0.00176	0.0267144339159131	0.00176	-0.393825202248991		
0.001765	-0.023235225584358	0.001765	-0.42146703787148		
0.00177	-0.0787348472513258	0.00177	-0.449108873493969		
0.001775	-0.128684506751597	0.001775	-0.487807443365455		
0.00178	-0.178634166251868	0.00178	-0.509920911863446		
0.001785	-0.211933939252049	0.001785	-0.543091114610434		
0.00179	-0.228583825752139	0.00179	-0.576261317357421		
0.001795	-0.223033863585442	0.001795	-0.60390315297991		
0.0018	-0.189734090585262	0.0018	-0.626016621477902		
0.001805	-0.134234468918294	0.001805	-0.664715191349387		
0.00181	-0.0565349985845387	0.00181	-0.692357026971877		
0.001815	0.0322643960826099	0.001815	-0.719998862594366		
0.00182	0.121063790749758	0.00182	-0.753169065341353		
0.001825	0.209863185416907	0.001825	-0.775282533839345		
0.00183	0.276462731417269	0.00183	-0.81398110371083		
0.001835	0.320862428750843	0.001835	-0.836094572208822		
0.00184	0.337512315250933	0.00184	-0.863736407831311		
0.001845	0.320862428750843	0.001845	-0.891378243453801		
0.00185	0.265362807083875	0.00185	-0.91902007907629		
0.001855	0.182113374583423	0.001855	-0.952190281823277		
0.00186	0.0711141312494874	0.00186	-0.979832117445767		
0.001865	-0.0509850364178419	0.001865	-1.00194558594376		
0.00187	-0.167534241918474	0.00187	-1.03511578869075		
0.001875	-0.27853348525241	0.001875	-1.06275762431324		
0.00188	-0.367332879919559	0.00188	-1.08487109281123		
0.001885	-0.428382463753223	0.001885	-1.11251292843372		
0.00189	-0.445032350253314	0.00189	-1.13462639693171		
0.001895	-0.41728253941983	0.001895	-1.1567398654297		
0.0019	-0.345133031252772	0.0019	-1.17885333392769		
0.001905	-0.234133787918836	0.001905	-1.20649516955018		
0.00191	-0.0953847337514162	0.00191	-1.23413700517267		
0.001915	0.054464244749397	0.001915	-1.25625047367066		
0.00192	0.20431322325021	0.00192	-1.27836394216865		
0.001925	0.348612239584327	0.001925	-1.31153414491564		
0.00193	0.454061520751566	0.00193	-1.32811924628913		
0.001935	0.520661066751927	0.001935	-1.35023271478713		
0.00194	0.537310953252017	0.00194	-1.37787455040962		
0.001945	0.49846121808514	0.001945	-1.39998801890761		
0.00195	0.404111861251295	0.00195	-1.4221014874056		
0.001955	0.282012693583965	0.001955	-1.44421495590359		
0.00196	0.115513828583062	0.00196	-1.46080005727708		
0.001965	-0.0676349229179323	0.001965	-1.48291352577507		
0.00197	-0.245233712252229	0.00197	-1.50502699427307		
0.001975	-0.400632652919739	0.001975	-1.52161209564656		
0.00198	-0.528281782753766	0.00198	-1.54925393126905		
0.001985	-0.605981253087521	0.001985	-1.56583903264254		
0.00199	-0.622631139587611	0.00199	-1.58795250114053		
0.001995	-0.578231442254037	0.001995	-1.61006596963853		
0.002	-0.472782161086798	0.002	-1.62665107101202		
0.002005	-0.322933182585984	0.002005	-1.64876453951001		
0.00201	-0.128684506751597	0.00201	-1.66534964088351		
0.002015	0.0766640934161842	0.002015	-1.681934742257		
0.00202	0.276462731417269	0.00202	-1.69851984363049		
0.002025	0.454061520751566	0.002025	-1.72063331212848		
0.00203	0.598360537085682	0.00203	-1.72616167925298		
0.002035	0.681609969586134	0.002035	-1.74827514775097		
0.00204	0.692709893919528	0.00204	-1.75933188199997		
0.002045	0.642760234419256	0.002045	-1.77591698337346		
0.00205	0.520661066751927	0.00205	-1.78697371762246		
0.002055	0.354162201751024	0.002055	-1.80355881899595		
0.00206	0.143263639416546	0.00206	-1.81461555324495		
0.002065	-0.0787348472513258	0.002065	-1.82567228749394		
0.00207	-0.295183371752501	0.00207	-1.83672902174294		
0.002075	-0.483882085420191	0.002075	-1.84778575599194		
0.00208	-0.628181101754308	0.00208	-1.85884249024093		
0.002085	-0.722530458588153	0.002085	-1.86989922448993		
0.00209	-0.739180345088243	0.00209	-1.88095595873892		
0.002095	-0.678130761254579	0.002095	-1.89754106011242		
0.0021	-0.550481631420553	0.0021	-1.90306942723691		
0.002105	-0.372882842086256	0.002105	-1.91412616148591		
0.00211	-0.150884355418384	0.00211	-1.92518289573491		
0.002115	0.082214055582881	0.002115	-1.9362396299839		
0.00212	0.315312466584146	0.00212	-1.9472963642329		
0.002125	0.520661066751927	0.002125	-1.9528247313574		
0.00213	0.67051004525274	0.00213	-1.96388146560639		
0.002135	0.764859402086586	0.002135	-1.96940983273089		
0.00214	0.781509288586676	0.00214	-1.97493819985539		
0.002145	0.709359780419618	0.002145	-1.98599493410438		
0.00215	0.581710650585592	0.00215	-1.98599493410438		
0.002155	0.393011936917901	0.002155	-1.99152330122888		
0.00216	0.159913525916636	0.00216	-1.99705166835338		
0.002165	-0.0842848094180226	0.002165	-2.00258003547788		
0.00217	-0.322933182585984	0.00217	-2.00258003547788		
0.002175	-0.528281782753766	0.002175	-2.00810840260237		
0.00218	-0.683680723421276	0.00218	-2.00810840260237		
0.002185	-0.778030080255121	0.002185	-2.01363676972687		
0.00219	-0.789130004588515	0.00219	-2.01363676972687		
0.002195	-0.722530458588153	0.002195	-2.01363676972687		
0.0022	-0.583781404420733	0.0022	-2.01363676972687		
0.002205	-0.395082690753043	0.002205	-2.01363676972687		
0.00221	-0.161984279751778	0.00221	-2.00810840260237		
0.002215	0.0877640177495778	0.002215	-2.01363676972687		
0.00222	0.32641239091754	0.00222	-2.00810840260237		
0.002225	0.531760991085321	0.002225	-2.00258003547788		
0.00223	0.687159931752831	0.00223	-2.00258003547788		
0.002235	0.775959326419979	0.002235	-1.99705166835338		
0.00224	0.787059250753373	0.00224	-1.99705166835338		
0.002245	0.714909742586315	0.002245	-1.99152330122888		
0.00225	0.581710650585592	0.00225	-1.98599493410438		
0.002255	0.387461974751204	0.002255	-1.98599493410438		
0.00226	0.159913525916636	0.00226	-1.97493819985539		
0.002265	-0.0842848094180226	0.002265	-1.96940983273089		
0.00227	-0.311833258252591	0.00227	-1.95835309848189		
0.002275	-0.506081934086978	0.002275	-1.9472963642329		
0.00228	-0.661480874754488	0.00228	-1.9417679971084		
0.002285	-0.739180345088243	0.002285	-1.9307112628594		
0.00229	-0.755830231588334	0.00229	-1.92518289573491		
0.002295	-0.689230685587972	0.002295	-1.91412616148591		
0.0023	-0.550481631420553	0.0023	-1.90859779436141		
0.002305	-0.372882842086256	0.002305	-1.89754106011242		
0.00231	-0.150884355418384	0.00231	-1.88095595873892		
0.002315	0.082214055582881	0.002315	-1.86989922448993		
0.00232	0.304212542250752	0.00232	-1.85884249024093		
0.002325	0.487361293751746	0.002325	-1.84778575599194		
0.00233	0.631660310085863	0.00233	-1.83672902174294		
0.002335	0.703809818252921	0.002335	-1.83120065461844		
0.00234	0.714909742586315	0.00234	-1.81461555324495		
0.002345	0.648310196585953	0.002345	-1.79803045187145		
0.00235	0.520661066751927	0.00235	-1.79250208474696		
0.002355	0.348612239584327	0.002355	-1.77591698337346		
0.00236	0.137713677249849	0.00236	-1.75380351487547		
0.002365	-0.0731848850846291	0.002365	-1.74274678062648		
0.00237	-0.27853348525241	0.00237	-1.73169004637748		
0.002375	-0.445032350253314	0.002375	-1.71510494500399		
0.00238	-0.578231442254037	0.00238	-1.70404821075499		
0.002385	-0.650380950421095	0.002385	-1.6764063751325		
0.00239	-0.655930912587792	0.00239	-1.66534964088351		
0.002395	-0.594881328754127	0.002395	-1.64876453951001		
0.0024	-0.472782161086798	0.0024	-1.63217943813652		
0.002405	-0.311833258252591	0.002405	-1.61006596963853		
0.00241	-0.128684506751597	0.00241	-1.58795250114053		
0.002415	0.0655641690827906	0.002415	-1.56583903264254		
0.00242	0.254262882750481	0.00242	-1.54925393126905		
0.002425	0.404111861251295	0.002425	-1.52714046277106		
0.00243	0.51511110458523	0.00243	-1.50502699427307		
0.002435	0.576160688418895	0.002435	-1.48844189289957		
0.00244	0.576160688418895	0.00244	-1.46080005727708		
0.002445	0.51511110458523	0.002445	-1.43868658877909		
0.00245	0.409661823417991	0.00245	-1.4221014874056		
0.002455	0.276462731417269	0.002455	-1.39998801890761		
0.00246	0.109963866416365	0.00246	-1.37234618328512		
0.002465	-0.0565349985845387	0.002465	-1.35576108191162		
0.00247	-0.211933939252049	0.00247	-1.32811924628913		
0.002475	-0.345133031252772	0.002475	-1.30600577779114		
0.00248	-0.439482388086617	0.00248	-1.28389230929315		
0.002485	-0.483882085420191	0.002485	-1.26177884079516		
0.00249	-0.489432047586888	0.00249	-1.23966537229717		
0.002495	-0.439482388086617	0.002495	-1.21202353667468		
0.0025	-0.350682993419468	0.0025	-1.18438170105219		
0.002505	-0.228583825752139	0.002505	-1.1677965996787		
0.00251	-0.0898347715847194	0.00251	-1.14015476405621		
0.002515	0.0433643204160035	0.002515	-1.11804129555821		
0.00252	0.17101345025003	0.00252	-1.08487109281123		
0.002525	0.282012693583965	0.002525	-1.06275762431324		
0.00253	0.354162201751024	0.00253	-1.03511578869075		
0.002535	0.387461974751204	0.002535	-1.01300232019275		
0.00254	0.387461974751204	0.00254	-0.985360484570265		
0.002545	0.34306227741763	0.002545	-0.952190281823277		
0.00255	0.270912769250572	0.00255	-0.930076813325286		
0.002555	0.176563412416726	0.002555	-0.902434977702796		
0.00256	0.0711141312494874	0.00256	-0.874793142080307		
0.002565	-0.0343351499177516	0.002565	-0.847151306457818		
0.00257	-0.134234468918294	0.00257	-0.819509470835328		
0.002575	-0.211933939252049	0.002575	-0.791867635212839		
0.00258	-0.26188359875232	0.00258	-0.758697432465851		
0.002585	-0.284083447419107	0.002585	-0.731055596843362		
0.00259	-0.27853348525241	0.00259	-0.703413761220872		
0.002595	-0.239683750085533	0.002595	-0.670243558473885		
0.0026	-0.195284052751958	0.0026	-0.642601722851396		
0.002605	-0.1231345445849	0.002605	-0.614959887228906		
0.00261	-0.0454350742511451	0.00261	-0.581789684481919		
0.002615	0.0211644717492163	0.002615	-0.554147848859429		
0.00262	0.082214055582881	0.00262	-0.52650601323694		
0.002625	0.132163715083152	0.002625	-0.493335810489953		
0.00263	0.159913525916636	0.00263	-0.465693974867463		
0.002635	0.165463488083333	0.002635	-0.432523772120476		
0.00264	0.154363563749939	0.00264	-0.404881936497986		
0.002645	0.132163715083152	0.002645	-0.371711733750999		
0.00265	0.0988639420829713	0.00265	-0.338541531004012		
0.002655	0.0600142069160938	0.002655	-0.310899695381522		
0.00266	0.0211644717492163	0.00266	-0.277729492634535		
0.002665	-0.0176852634176612	0.002665	-0.250087657012045		
0.00267	-0.0398851120844483	0.00267	-0.222445821389556		
0.002675	-0.0565349985845387	0.002675	-0.189275618642569		
0.00268	-0.0620849607512355	0.00268	-0.156105415895581		
0.002685	-0.0509850364178419	0.002685	-0.128463580273092		
0.00269	-0.0398851120844483	0.00269	-0.0952933775261045		
0.002695	-0.0287851877510548	0.002695	-0.067651541903615		
0.0027	-0.0121353012509644	0.0027	-0.0344813391566277		
0.002705	-0.0121353012509644	0.002705	-0.0068395035341382		
0.00271	-0.00103537691757083	0.00271	0.0263306992128491		
0.002715	-0.00658533908426762	0.002715	0.0595009019598365		
0.00272	-0.0176852634176612	0.00272	0.0871427375823259		
0.002725	-0.0343351499177516	0.002725	0.120312940329313		
0.00273	-0.0565349985845387	0.00273	0.147954775951803		
0.002735	-0.0731848850846291	0.002735	0.175596611574292		
0.00274	-0.0898347715847194	0.00274	0.20876681432128		
0.002745	-0.0898347715847194	0.002745	0.241937017068267		
0.00275	-0.0842848094180226	0.00275	0.269578852690756		
0.002755	-0.0676349229179323	0.002755	0.297220688313246		
0.00276	-0.0287851877510548	0.00276	0.335919258184731		
0.002765	0.0100645474158227	0.002765	0.358032726682723		
0.00277	0.0600142069160938	0.00277	0.39120292942971		
0.002775	0.104413904249668	0.002775	0.418844765052199		
0.00278	0.148813601583242	0.00278	0.452014967799187		
0.002785	0.182113374583423	0.002785	0.485185170546174		
0.00279	0.193213298916817	0.00279	0.512827006168664		
0.002795	0.18766333675012	0.002795	0.540468841791153		
0.0028	0.159913525916636	0.0028	0.568110677413642		
0.002805	0.115513828583062	0.002805	0.60128088016063		
0.00281	0.0433643204160035	0.00281	0.628922715783119		
0.002815	-0.0343351499177516	0.002815	0.662092918530107		
0.00282	-0.1231345445849	0.00282	0.689734754152596		
0.002825	-0.195284052751958	0.002825	0.717376589775085		
0.00283	-0.256333636585623	0.00283	0.745018425397575		
0.002835	-0.306283296085894	0.002835	0.772660261020064		
0.00284	-0.317383220419288	0.00284	0.800302096642554		
0.002845	-0.306283296085894	0.002845	0.827943932265043		
0.00285	-0.256333636585623	0.00285	0.855585767887533		
0.002855	-0.178634166251868	0.002855	0.883227603510022		
0.00286	-0.0787348472513258	0.00286	0.910869439132512		
0.002865	0.0267144339159131	0.002865	0.932982907630503		
0.00287	0.148813601583242	0.00287	0.966153110377491		
0.002875	0.254262882750481	0.002875	0.99379494599998		
0.00288	0.337512315250933	0.00288	1.01590841449797		
0.002885	0.398561899084598	0.002885	1.03802188299596		
0.00289	0.409661823417991	0.00289	1.07119208574295		
0.002895	0.387461974751204	0.002895	1.08777718711644		
0.0029	0.315312466584146	0.0029	1.11541902273893		
0.002905	0.215413147583604	0.002905	1.13753249123693		
0.00291	0.0877640177495778	0.00291	1.16517432685941		
0.002915	-0.0565349985845387	0.002915	1.18728779535741		
0.00292	-0.200834014918655	0.00292	1.2094012638554		
0.002925	-0.334033106919378	0.002925	1.23151473235339		
0.00293	-0.439482388086617	0.00293	1.25362820085138		
0.002935	-0.500531971920282	0.002935	1.28127003647387		
0.00294	-0.517181858420372	0.00294	1.30338350497186		
0.002945	-0.478332123253495	0.002945	1.32549697346985		
0.00295	-0.400632652919739	0.00295	1.34761044196784		
0.002955	-0.27853348525241	0.002955	1.36972391046584		
0.00296	-0.1231345445849	0.00296	1.38630901183933		
0.002965	0.0489142825827003	0.002965	1.41395084746182		
0.00297	0.215413147583604	0.00297	1.43606431595981		
0.002975	0.370812088251114	0.002975	1.4526494173333		
0.00298	0.487361293751746	0.00298	1.4747628858313		
0.002985	0.565060764085501	0.002985	1.49134798720479		
0.00299	0.587260612752289	0.00299	1.51346145570278		
0.002995	0.537310953252017	0.002995	1.53557492420077		
0.003	0.448511558584869	0.003	1.55768839269876		
0.003005	0.298662580084056	0.003005	1.56874512694776		
0.00301	0.121063790749758	0.00301	1.59085859544575		
0.003015	-0.0787348472513258	0.003015	1.60744369681925		
0.00302	-0.272983523085713	0.00302	1.61850043106824		
0.003025	-0.439482388086617	0.003025	1.63508553244174		
0.00303	-0.57268148008734	0.00303	1.65719900093973		
0.003035	-0.655930912587792	0.003035	1.66825573518872		
0.00304	-0.667030836921185	0.00304	1.68484083656222		
0.003045	-0.622631139587611	0.003045	1.69589757081121		
0.00305	-0.506081934086978	0.00305	1.70695430506021		
0.003055	-0.345133031252772	0.003055	1.7235394064337		
0.00306	-0.150884355418384	0.00306	1.7345961406827		
0.003065	0.0655641690827906	0.003065	1.75118124205619		
0.00307	0.270912769250572	0.00307	1.76223797630519		
0.003075	0.454061520751566	0.003075	1.77882307767868		
0.00308	0.598360537085682	0.00308	1.78987981192768		
0.003085	0.676060007419437	0.003085	1.79540817905217		
0.00309	0.698259856086224	0.00309	1.80646491330117		
0.003095	0.642760234419256	0.003095	1.81752164755017		
0.0031	0.526211028918624	0.0031	1.83410674892366		
0.003105	0.354162201751024	0.003105	1.83963511604816		
0.00311	0.137713677249849	0.00311	1.85069185029715		
0.003115	-0.0898347715847194	0.003115	1.85622021742165		
0.00312	-0.311833258252591	0.00312	1.86727695167065		
0.003125	-0.500531971920282	0.003125	1.87833368591964		
0.00313	-0.650380950421095	0.00313	1.88939042016864		
0.003135	-0.739180345088243	0.003135	1.89491878729314		
0.00314	-0.755830231588334	0.00314	1.90597552154213		
0.003145	-0.689230685587972	0.003145	1.91150388866663		
0.00315	-0.567131517920643	0.00315	1.91703225579113		
0.003155	-0.378432804252952	0.003155	1.92256062291563		
0.00316	-0.161984279751778	0.00316	1.92256062291563		
0.003165	0.0711141312494874	0.003165	1.92808899004012		
0.00317	0.298662580084056	0.00317	1.93361735716462		
0.003175	0.49846121808514	0.003175	1.93361735716462		
0.00318	0.648310196585953	0.00318	1.93361735716462		
0.003185	0.737109591253102	0.003185	1.93914572428912		
0.00319	0.753759477753192	0.00319	1.93914572428912		
0.003195	0.687159931752831	0.003195	1.94467409141362		
0.0032	0.559510801918805	0.0032	1.94467409141362		
0.003205	0.370812088251114	0.003205	1.94467409141362		
0.00321	0.148813601583242	0.00321	1.94467409141362		
0.003215	-0.0898347715847194	0.003215	1.94467409141362		
0.00322	-0.322933182585984	0.00322	1.93914572428912		
0.003225	-0.517181858420372	0.003225	1.93914572428912		
0.00323	-0.672580799087882	0.00323	1.93914572428912		
0.003235	-0.755830231588334	0.003235	1.93361735716462		
0.00324	-0.766930155921727	0.00324	1.92808899004012		
0.003245	-0.705880572088063	0.003245	1.92808899004012		
0.00325	-0.567131517920643	0.00325	1.92808899004012		
0.003255	-0.383982766419649	0.003255	1.92256062291563		
0.00326	-0.161984279751778	0.00326	1.91703225579113		
0.003265	0.0655641690827906	0.003265	1.90044715441763		
0.00327	0.293112617917359	0.00327	1.90044715441763		
0.003275	0.487361293751746	0.003275	1.90044715441763		
0.00328	0.631660310085863	0.00328	1.88386205304414		
0.003285	0.709359780419618	0.003285	1.87833368591964		
0.00329	0.726009666919708	0.00329	1.86727695167065		
0.003295	0.659410120919347	0.003295	1.85622021742165		
0.0033	0.531760991085321	0.0033	1.85069185029715		
0.003305	0.354162201751024	0.003305	1.83410674892366		
0.00331	0.137713677249849	0.00331	1.82305001467466		
0.003315	-0.0842848094180226	0.003315	1.81752164755017		
0.00332	-0.300733333919197	0.00332	1.80646491330117		
0.003325	-0.478332123253495	0.003325	1.78987981192768		
0.00333	-0.617081177420914	0.00333	1.78435144480318		
0.003335	-0.689230685587972	0.003335	1.77329471055418		
0.00334	-0.700330609921366	0.00334	1.75670960918069		
0.003345	-0.639281026087701	0.003345	1.74565287493169		
0.00335	-0.511631896253675	0.00335	1.7345961406827		
0.003355	-0.350682993419468	0.003355	1.7235394064337		
0.00336	-0.145334393251687	0.00336	1.70695430506021		
0.003365	0.0600142069160938	0.003365	1.69589757081121		
0.00337	0.259812844917178	0.00337	1.67931246943772		
0.003375	0.426311709918082	0.003375	1.66272736806422		
0.00338	0.548410877585411	0.00338	1.64614226669073		
0.003385	0.620560385752469	0.003385	1.62955716531724		
0.00339	0.626110347919166	0.00339	1.61297206394374		
0.003395	0.565060764085501	0.003395	1.59638696257025		
0.0034	0.454061520751566	0.0034	1.57427349407226		
0.003405	0.298662580084056	0.003405	1.55768839269876		
0.00341	0.115513828583062	0.00341	1.53557492420077		
0.003415	-0.0731848850846291	0.003415	1.52451818995178		
0.00342	-0.250783674418926	0.00342	1.50240472145379		
0.003425	-0.395082690753043	0.003425	1.48029125295579		
0.00343	-0.506081934086978	0.00343	1.4581777844578		
0.003435	-0.561581555753946	0.003435	1.43606431595981		
0.00344	-0.567131517920643	0.00344	1.41395084746182		
0.003445	-0.511631896253675	0.003445	1.39183737896383		
0.00345	-0.406182615086436	0.00345	1.36972391046584		
0.003455	-0.272983523085713	0.003455	1.35313880909234		
0.00346	-0.112034620251507	0.00346	1.32549697346985		
0.003465	0.0489142825827003	0.003465	1.30338350497186		
0.00347	0.193213298916817	0.00347	1.28127003647387		
0.003475	0.320862428750843	0.003475	1.25915656797588		
0.00348	0.409661823417991	0.00348	1.23704309947789		
0.003485	0.459611482918262	0.003485	1.2149296309799		
0.00349	0.465161445084959	0.00349	1.1928161624819		
0.003495	0.415211785584688	0.003495	1.16517432685941		
0.0035	0.32641239091754	0.0035	1.13753249123693		
0.003505	0.209863185416907	0.003505	1.12094738986343		
0.00351	0.082214055582881	0.00351	1.09330555424094		
0.003515	-0.0454350742511451	0.003515	1.07119208574295		
0.00352	-0.173084204085171	0.00352	1.04355025012046		
0.003525	-0.272983523085713	0.003525	1.01590841449797		
0.00353	-0.345133031252772	0.00353	0.99379494599998		
0.003535	-0.378432804252952	0.003535	0.966153110377491		
0.00354	-0.372882842086256	0.00354	0.932982907630503		
0.003545	-0.334033106919378	0.003545	0.905341072008014		
0.00355	-0.26188359875232	0.00355	0.883227603510022		
0.003555	-0.173084204085171	0.003555	0.850057400763035		
0.00356	-0.0731848850846291	0.00356	0.822415565140545		
0.003565	0.0322643960826099	0.003565	0.800302096642554		
0.00357	0.115513828583062	0.00357	0.767131893895566		
0.003575	0.182113374583423	0.003575	0.739490058273077		
0.00358	0.237612996250391	0.00358	0.711848222650588		
0.003585	0.254262882750481	0.003585	0.684206387028098		
0.00359	0.254262882750481	0.00359	0.656564551405609		
0.003595	0.220963109750301	0.003595	0.623394348658621		
0.0036	0.17101345025003	0.0036	0.595752513036132		
0.003605	0.104413904249668	0.003605	0.562582310289145		
0.00361	0.0378143582493067	0.00361	0.534940474666655		
0.003615	-0.0287851877510548	0.003615	0.507298639044166		
0.00362	-0.0787348472513258	0.00362	0.474128436297178		
0.003625	-0.1231345445849	0.003625	0.440958233550191		
0.00363	-0.145334393251687	0.00363	0.413316397927701		
0.003635	-0.150884355418384	0.003635	0.385674562305212		
0.00364	-0.139784431084991	0.00364	0.352504359558225		
0.003645	-0.117584582418203	0.003645	0.324862523935735		
0.00365	-0.0842848094180226	0.00365	0.291692321188748		
0.003655	-0.0620849607512355	0.003655	0.258522118441761		
0.00366	-0.023235225584358	0.00366	0.230880282819271		
0.003665	0.00451458524912596	0.003665	0.197710080072284		
0.00367	0.0267144339159131	0.00367	0.170068244449794		
0.003675	0.0322643960826099	0.003675	0.136898041702807		
0.00368	0.0322643960826099	0.00368	0.109256206080317		
0.003685	0.0267144339159131	0.003685	0.0705576362088323		
0.00369	0.0100645474158227	0.00369	0.0429158005863428		
0.003695	-0.00103537691757083	0.003695	0.00974559783935547		
0.0037	-0.0121353012509644	0.0037	-0.017896237783134		
0.003705	-0.0121353012509644	0.003705	-0.0510664405301213		
0.00371	-0.00658533908426762	0.00371	-0.0787082761526108		
0.003715	-0.00103537691757083	0.003715	-0.111878478899598		
0.00372	0.0211644717492163	0.00372	-0.139520314522088		
0.003725	0.0433643204160035	0.003725	-0.172690517269075		
0.00373	0.0655641690827906	0.00373	-0.205860720016062		
0.003735	0.0877640177495778	0.003735	-0.244559289887547		
0.00374	0.104413904249668	0.00374	-0.266672758385539		
0.003745	0.104413904249668	0.003745	-0.299842961132526		
0.00375	0.0933139799162745	0.00375	-0.333013163879514		
0.003755	0.0655641690827906	0.003755	-0.360654999502003		
0.00376	0.0322643960826099	0.00376	-0.388296835124493		
0.003765	-0.0176852634176612	0.003765	-0.42146703787148		
0.00377	-0.0731848850846291	0.00377	-0.454637240618467		
0.003775	-0.128684506751597	0.003775	-0.482279076240957		
0.00378	-0.178634166251868	0.00378	-0.509920911863446		
0.003785	-0.211933939252049	0.003785	-0.543091114610434		
0.00379	-0.228583825752139	0.00379	-0.576261317357421		
0.003795	-0.223033863585442	0.003795	-0.60390315297991		
0.0038	-0.189734090585262	0.0038	-0.637073355726898		
0.003805	-0.134234468918294	0.003805	-0.664715191349387		
0.00381	-0.0620849607512355	0.00381	-0.692357026971877		
0.003815	0.0267144339159131	0.003815	-0.725527229718864		
0.00382	0.115513828583062	0.00382	-0.753169065341353		
0.003825	0.20431322325021	0.003825	-0.780810900963843		
0.00383	0.270912769250572	0.00383	-0.808452736586332		
0.003835	0.320862428750843	0.003835	-0.836094572208822		
0.00384	0.337512315250933	0.00384	-0.863736407831311		
0.003845	0.320862428750843	0.003845	-0.896906610578299		
0.00385	0.270912769250572	0.00385	-0.924548446200788		
0.003855	0.18766333675012	0.003855	-0.952190281823277		
0.00386	0.082214055582881	0.00386	-0.974303750321269		
0.003865	-0.0398851120844483	0.003865	-1.00747395306826		
0.00387	-0.161984279751778	0.00387	-1.02958742156625		
0.003875	-0.27853348525241	0.003875	-1.05722925718874		
0.00388	-0.372882842086256	0.00388	-1.08487109281123		
0.003885	-0.422832501586527	0.003885	-1.10698456130922		
0.00389	-0.445032350253314	0.00389	-1.13462639693171		
0.003895	-0.422832501586527	0.003895	-1.1622682325542		
0.0039	-0.350682993419468	0.0039	-1.18438170105219		
0.003905	-0.239683750085533	0.003905	-1.21202353667468		
0.00391	-0.10648465808481	0.00391	-1.23413700517267		
0.003915	0.0489142825827003	0.003915	-1.25625047367066		
0.00392	0.20431322325021	0.00392	-1.28389230929315		
0.003925	0.34306227741763	0.003925	-1.30600577779114		
0.00393	0.454061520751566	0.00393	-1.32259087916464		
0.003935	0.520661066751927	0.003935	-1.35023271478713		
0.00394	0.542860915418714	0.00394	-1.37787455040962		
0.003945	0.504011180251837	0.003945	-1.39998801890761		
0.00395	0.415211785584688	0.00395	-1.4221014874056		
0.003955	0.287562655750662	0.003955	-1.43868658877909		
0.00396	0.121063790749758	0.00396	-1.46632842440158		
0.003965	-0.0565349985845387	0.003965	-1.48291352577507		
0.00397	-0.239683750085533	0.00397	-1.51055536139756		
0.003975	-0.395082690753043	0.003975	-1.52714046277106		
0.00398	-0.528281782753766	0.00398	-1.54925393126905		
0.003985	-0.600431290920824	0.003985	-1.57136739976704		
0.00399	-0.628181101754308	0.00399	-1.58795250114053		
0.003995	-0.578231442254037	0.003995	-1.60453760251403		
0.004	-0.478332123253495	0.004	-1.63217943813652		
0.004005	-0.328483144752681	0.004005	-1.64323617238551		
0.00401	-0.134234468918294	0.00401	-1.66534964088351		
0.004015	0.0655641690827906	0.004015	-1.681934742257		
0.00402	0.270912769250572	0.00402	-1.69851984363049		
0.004025	0.448511558584869	0.004025	-1.71510494500399		
0.00403	0.598360537085682	0.00403	-1.73169004637748		
0.004035	0.676060007419437	0.004035	-1.74274678062648		
0.00404	0.698259856086224	0.00404	-1.75933188199997		
0.004045	0.642760234419256	0.004045	-1.77591698337346		
0.00405	0.526211028918624	0.00405	-1.78697371762246		
0.004055	0.35971216391772	0.004055	-1.79803045187145		
0.00406	0.148813601583242	0.00406	-1.80908718612045		
0.004065	-0.0676349229179323	0.004065	-1.82567228749394		
0.00407	-0.289633409585804	0.00407	-1.83672902174294		
0.004075	-0.483882085420191	0.004075	-1.85331412311643		
0.00408	-0.628181101754308	0.00408	-1.85884249024093		
0.004085	-0.716980496421456	0.004085	-1.87542759161443		
0.00409	-0.739180345088243	0.00409	-1.88648432586342		
0.004095	-0.683680723421276	0.004095	-1.89201269298792		
0.0041	-0.55603159358725	0.0041	-1.90306942723691		
0.004105	-0.378432804252952	0.004105	-1.91412616148591		
0.00411	-0.156434317585081	0.00411	-1.92518289573491		
0.004115	0.082214055582881	0.004115	-1.9307112628594		
0.00412	0.315312466584146	0.00412	-1.9472963642329		
0.004125	0.509561142418534	0.004125	-1.9528247313574		
0.00413	0.67051004525274	0.00413	-1.95835309848189		
0.004135	0.759309439919889	0.004135	-1.96388146560639		
0.00414	0.781509288586676	0.00414	-1.97493819985539		
0.004145	0.714909742586315	0.004145	-1.98046656697989		
0.00415	0.581710650585592	0.00415	-1.98599493410438		
0.004155	0.393011936917901	0.004155	-1.99152330122888		
0.00416	0.165463488083333	0.00416	-1.99705166835338		
0.004165	-0.0787348472513258	0.004165	-2.00258003547788		
0.00417	-0.311833258252591	0.00417	-2.00258003547788		
0.004175	-0.517181858420372	0.004175	-2.00810840260237		
0.00418	-0.683680723421276	0.00418	-2.00810840260237		
0.004185	-0.772480118088424	0.004185	-2.00810840260237		
0.00419	-0.789130004588515	0.00419	-2.01363676972687		
0.004195	-0.722530458588153	0.004195	-2.01363676972687		
0.0042	-0.58933136658743	0.0042	-2.01363676972687		
0.004205	-0.395082690753043	0.004205	-2.01363676972687		
0.00421	-0.161984279751778	0.00421	-2.01363676972687		
0.004215	0.082214055582881	0.004215	-2.01363676972687		
0.00422	0.320862428750843	0.00422	-2.00810840260237		
0.004225	0.531760991085321	0.004225	-2.00810840260237		
0.00423	0.687159931752831	0.00423	-2.00258003547788		
0.004235	0.775959326419979	0.004235	-2.00258003547788		
0.00424	0.787059250753373	0.00424	-1.99705166835338		
0.004245	0.720459704753011	0.004245	-1.99152330122888		
0.00425	0.581710650585592	0.00425	-1.98599493410438		
0.004255	0.393011936917901	0.004255	-1.98046656697989		
0.00426	0.159913525916636	0.00426	-1.97493819985539		
0.004265	-0.0787348472513258	0.004265	-1.96940983273089		
0.00427	-0.311833258252591	0.00427	-1.95835309848189		
0.004275	-0.506081934086978	0.004275	-1.9528247313574		
0.00428	-0.655930912587792	0.00428	-1.9417679971084		
0.004285	-0.739180345088243	0.004285	-1.9307112628594		
0.00429	-0.755830231588334	0.00429	-1.91965452861041		
0.004295	-0.689230685587972	0.004295	-1.91412616148591		
0.0043	-0.55603159358725	0.0043	-1.90306942723691		
0.004305	-0.378432804252952	0.004305	-1.89201269298792		
0.00431	-0.150884355418384	0.00431	-1.88095595873892		
0.004315	0.0711141312494874	0.004315	-1.87542759161443		
0.00432	0.293112617917359	0.00432	-1.85884249024093		
0.004325	0.487361293751746	0.004325	-1.84778575599194		
0.00433	0.631660310085863	0.00433	-1.83672902174294		
0.004335	0.703809818252921	0.004335	-1.82567228749394		
0.00434	0.714909742586315	0.00434	-1.81461555324495		
0.004345	0.648310196585953	0.004345	-1.80355881899595		
0.00435	0.520661066751927	0.00435	-1.78697371762246		
0.004355	0.354162201751024	0.004355	-1.77038861624897		
0.00436	0.148813601583242	0.00436	-1.75933188199997		
0.004365	-0.0676349229179323	0.004365	-1.74274678062648		
0.00437	-0.267433560919017	0.00437	-1.73169004637748		
0.004375	-0.445032350253314	0.004375	-1.70957657787949		
0.00438	-0.57268148008734	0.00438	-1.69851984363049		
0.004385	-0.644830988254398	0.004385	-1.6764063751325		
0.00439	-0.655930912587792	0.00439	-1.65982127375901		
0.004395	-0.594881328754127	0.004395	-1.64323617238551		
0.0044	-0.478332123253495	0.0044	-1.62665107101202		
0.004405	-0.322933182585984	0.004405	-1.60453760251403		
0.00441	-0.134234468918294	0.00441	-1.58795250114053		
0.004415	0.0655641690827906	0.004415	-1.56583903264254		
0.00442	0.248712920583785	0.00442	-1.54925393126905		
0.004425	0.398561899084598	0.004425	-1.52714046277106		
0.00443	0.51511110458523	0.00443	-1.50502699427307		
0.004435	0.576160688418895	0.004435	-1.48291352577507		
0.00444	0.576160688418895	0.00444	-1.46632842440158		
0.004445	0.51511110458523	0.004445	-1.44421495590359		
0.00445	0.415211785584688	0.00445	-1.4165731202811		
0.004455	0.276462731417269	0.004455	-1.39998801890761		
0.00446	0.115513828583062	0.00446	-1.37787455040962		
0.004465	-0.0509850364178419	0.004465	-1.35023271478713		
0.00447	-0.206383977085352	0.00447	-1.32811924628913		
0.004475	-0.339583069086075	0.004475	-1.30600577779114		
0.00448	-0.439482388086617	0.00448	-1.28389230929315		
0.004485	-0.483882085420191	0.004485	-1.26177884079516		
0.00449	-0.483882085420191	0.00449	-1.23966537229717		
0.004495	-0.439482388086617	0.004495	-1.21755190379918		
0.0045	-0.350682993419468	0.0045	-1.18991006817669		
0.004505	-0.234133787918836	0.004505	-1.1622682325542		
0.00451	-0.0898347715847194	0.00451	-1.13462639693171		
0.004515	0.0433643204160035	0.004515	-1.11251292843372		
0.00452	0.176563412416726	0.00452	-1.09039945993572		
0.004525	0.276462731417269	0.004525	-1.06275762431324		
0.00453	0.354162201751024	0.00453	-1.03511578869075		
0.004535	0.387461974751204	0.004535	-1.01300232019275		
0.00454	0.387461974751204	0.00454	-0.979832117445767		
0.004545	0.34306227741763	0.004545	-0.952190281823277		
0.00455	0.270912769250572	0.00455	-0.924548446200788		
0.004555	0.176563412416726	0.004555	-0.896906610578299		
0.00456	0.0711141312494874	0.00456	-0.869264774955809		
0.004565	-0.0398851120844483	0.004565	-0.84162293933332		
0.00457	-0.134234468918294	0.00457	-0.819509470835328		
0.004575	-0.206383977085352	0.004575	-0.780810900963843		
0.00458	-0.256333636585623	0.00458	-0.758697432465851		
0.004585	-0.284083447419107	0.004585	-0.725527229718864		
0.00459	-0.27853348525241	0.00459	-0.697885394096375		
0.004595	-0.245233712252229	0.004595	-0.670243558473885		
0.0046	-0.195284052751958	0.0046	-0.642601722851396		
0.004605	-0.1231345445849	0.004605	-0.609431520104408		
0.00461	-0.0454350742511451	0.00461	-0.581789684481919		
0.004615	0.0211644717492163	0.004615	-0.554147848859429		
0.00462	0.082214055582881	0.00462	-0.520977646112442		
0.004625	0.126613752916455	0.004625	-0.493335810489953		
0.00463	0.154363563749939	0.00463	-0.460165607742965		
0.004635	0.165463488083333	0.004635	-0.432523772120476		
0.00464	0.159913525916636	0.00464	-0.399353569373488		
0.004645	0.132163715083152	0.004645	-0.371711733750999		
0.00465	0.0988639420829713	0.00465	-0.338541531004012		
0.004655	0.0600142069160938	0.004655	-0.310899695381522		
0.00466	0.0211644717492163	0.00466	-0.277729492634535		
0.004665	-0.0176852634176612	0.004665	-0.250087657012045		
0.00467	-0.0398851120844483	0.00467	-0.216917454265058		
0.004675	-0.0509850364178419	0.004675	-0.189275618642569		
0.00468	-0.0565349985845387	0.00468	-0.150577048771083		
0.004685	-0.0565349985845387	0.004685	-0.128463580273092		
0.00469	-0.0398851120844483	0.00469	-0.0952933775261045		
0.004695	-0.0287851877510548	0.004695	-0.0621231747791171		
0.0047	-0.0176852634176612	0.0047	-0.0344813391566277		
0.004705	-0.00658533908426762	0.004705	-0.0068395035341382		
0.00471	-0.00103537691757083	0.00471	0.031859066337347		
0.004715	-0.00658533908426762	0.004715	0.0595009019598365		
0.00472	-0.0176852634176612	0.00472	0.0871427375823259		
0.004725	-0.0343351499177516	0.004725	0.120312940329313		
0.00473	-0.0565349985845387	0.00473	0.153483143076301		
0.004735	-0.0731848850846291	0.004735	0.18112497869879		
0.00474	-0.0842848094180226	0.00474	0.214295181445777		
0.004745	-0.0898347715847194	0.004745	0.241937017068267		
0.00475	-0.0842848094180226	0.00475	0.269578852690756		
0.004755	-0.0676349229179323	0.004755	0.302749055437744		
0.00476	-0.0343351499177516	0.00476	0.330390891060233		
0.004765	0.0100645474158227	0.004765	0.36356109380722		
0.00477	0.054464244749397	0.00477	0.39120292942971		
0.004775	0.104413904249668	0.004775	0.424373132176697		
0.00478	0.148813601583242	0.00478	0.457543334923685		
0.004785	0.182113374583423	0.004785	0.479656803421676		
0.00479	0.193213298916817	0.00479	0.512827006168664		
0.004795	0.193213298916817	0.004795	0.545997208915651		
0.0048	0.159913525916636	0.0048	0.57363904453814		
0.004805	0.115513828583062	0.004805	0.606809247285128		
0.00481	0.0489142825827003	0.00481	0.634451082907617		
0.004815	-0.0343351499177516	0.004815	0.656564551405609		
0.00482	-0.117584582418203	0.00482	0.689734754152596		
0.004825	-0.195284052751958	0.004825	0.717376589775085		
0.00483	-0.26188359875232	0.00483	0.745018425397575		
0.004835	-0.306283296085894	0.004835	0.772660261020064		
0.00484	-0.322933182585984	0.00484	0.805830463767052		
0.004845	-0.306283296085894	0.004845	0.833472299389541		
0.00485	-0.256333636585623	0.00485	0.855585767887533		
0.004855	-0.178634166251868	0.004855	0.883227603510022		
0.00486	-0.0842848094180226	0.00486	0.910869439132512		
0.004865	0.0322643960826099	0.004865	0.938511274755001		
0.00487	0.143263639416546	0.00487	0.966153110377491		
0.004875	0.248712920583785	0.004875	0.99379494599998		
0.00488	0.337512315250933	0.00488	1.02143678162247		
0.004885	0.393011936917901	0.004885	1.04355025012046		
0.00489	0.409661823417991	0.00489	1.06566371861845		
0.004895	0.381912012584507	0.004895	1.09330555424094		
0.0049	0.320862428750843	0.0049	1.11541902273893		
0.004905	0.215413147583604	0.004905	1.13753249123693		
0.00491	0.0877640177495778	0.00491	1.16517432685941		
0.004915	-0.0565349985845387	0.004915	1.18728779535741		
0.00492	-0.200834014918655	0.00492	1.2094012638554		
0.004925	-0.334033106919378	0.004925	1.23151473235339		
0.00493	-0.439482388086617	0.00493	1.25915656797588		
0.004935	-0.500531971920282	0.004935	1.28127003647387		
0.00494	-0.517181858420372	0.00494	1.30891187209636		
0.004945	-0.483882085420191	0.004945	1.33102534059435		
0.00495	-0.400632652919739	0.00495	1.35313880909234		
0.004955	-0.272983523085713	0.004955	1.36972391046584		
0.00496	-0.1231345445849	0.00496	1.39183737896383		
0.004965	0.0489142825827003	0.004965	1.41395084746182		
0.00497	0.220963109750301	0.00497	1.43606431595981		
0.004975	0.370812088251114	0.004975	1.4526494173333		
0.00498	0.492911255918443	0.00498	1.4747628858313		
0.004985	0.570610726252198	0.004985	1.49687635432929		
0.00499	0.587260612752289	0.00499	1.51898982282728		
0.004995	0.548410877585411	0.004995	1.53557492420077		
