Temps	V1	Frﻠquence	S_Amplitude
0	0.172115426510572	0	0.0146135290352124
0.0001	-0.176297321915627	5.04803898358586	0
0.0002	-0.519179709255695	10.0960779671717	0
0.0003	-0.851001374423504	15.1441169507576	0
0.0004	-1.16623195633292	20.1921559343434	0
0.0005	-1.44828037172556	25.2401949179293	0
0.0006	-1.70820734277368	30.2882339015152	0
0.0007	-1.94048250839114	35.336272885101	0
0.0008	-2.12851478531957	40.3843118686869	0
0.0009	-2.27230417355895	45.4323508522727	0
0.001	-2.38291139528155	50.4803898358586	0
0.0011	-2.45480608940125	55.5284288194445	0.00973708954577997
0.0012	-2.46033645048738	60.5764678030303	0.00886607656761339
0.0013	-2.41609356179833	65.6245067866162	0.0254885526787082
0.0014	-2.31101670116186	70.672545770202	0.0205943205803629
0.0015	-2.18381839618087	75.7205847537879	0.0635375302132651
0.0016	-2.01790756359696	80.7686237373737	0.0423000306604235
0.0017	-1.80222348123789	85.8166627209596	0.139256847703757
0.0018	-1.55888759344816	90.8647017045455	0.0834947542780162
0.0019	-1.29896062240005	95.9127406881313	0.278343059653456
0.002	-1.01138184592128	100.960779671717	0.144929345815091
0.0021	-0.70168162509799	106.008818655303	0.486340636560818
0.0022	-0.386451043188572	111.056857638889	0.208091232341476
0.0023	-0.0601597391068935	116.104896622475	0.700027769206415
0.0024	0.260601203888655	121.152935606061	0.240774051405037
0.0025	0.586892507970333	126.200974589646	0.767343944379168
0.0026	0.896592728793621	131.249013573232	0.197206147493566
0.0027	1.18970186635852	136.297052556818	0.506965649418003
0.0028	1.45515919849277	141.345091540404	0.0574699003386829
0.0029	1.69849508628249	146.39313052399	0.0986482530102717
0.003	1.9197095297277	151.441169507576	0.0950743046748974
0.0031	2.10774180665612	156.489208491162	0.635140786017973
0.0032	2.25153119489551	161.537247474747	0.122217659050765
0.0033	2.36213841661811	166.585286458333	0.474530633681638
0.0034	2.44509383291006	171.633325441919	0.016105106731548
0.0035	2.48380636051297	176.681364425505	0.3163536590194
0.0036	2.46721527725458	181.729403409091	0.0711444196130709
0.0037	2.40085094422102	186.777442392677	0.615322386704102
0.0038	2.30683480575681	191.825481376263	0.0364696121653857
0.0039	2.17963650077581	196.873520359849	0.175807718146393
0.004	2.01372566819191	201.921559343434	0.0333580715030839
0.0041	1.80910230800509	206.96959832702	0.616265119575447
0.0042	1.58235750347376	212.017637310606	0.0240825572610702
0.0043	1.33902161568403	217.065676294192	0.302800096396995
0.0044	1.06250356137753	222.113715277778	0.0264702868314063
0.0045	0.774924784898758	227.161754261364	0.484656648250154
0.0046	0.47628528624773	232.20979324495	0.0305933321375867
0.0047	0.166585065424442	237.257832228535	0.630568986596236
0.0048	-0.137584794312716	242.305871212121	0.0163646685415179
0.0049	-0.447285015136003	247.353910195707	0.0727821804896737
0.005	-0.740394152700901	252.401949179293	0.0329407443854352
0.0051	-1.02797292917967	257.449988162879	0.555322681716864
0.0052	-1.29343026131392	262.498027146465	0.0815629770602669
0.0053	-1.53123578801751	267.546066130051	0.818569685573397
0.0054	-1.75798059254885	272.594105113636	0.109869863942096
0.0055	-1.95707359164953	277.642144097222	0.728825411778013
0.0056	-2.12298442423344	282.690183080808	0.109449688581271
0.0057	-2.25571309030056	287.738222064394	0.486531195278935
0.0058	-2.3552595898509	292.78626104798	0.0803588975035675
0.0059	-2.43268464505672	297.834300031566	0.266155786547117
0.006	-2.46586681157351	302.882339015152	0.0453962721105826
0.0061	-2.45480608940125	307.930377998737	0.126036284690233
0.0062	-2.39950247853994	312.978416982323	0.022484083723714
0.0063	-2.31101670116186	318.026455965909	0.0549076824084836
0.0064	-2.19487911835313	323.074494949495	0
0.0065	-2.04555936902761	328.122533933081	0.0234339419621948
0.0066	-1.87411817535758	333.170572916667	0
0.0067	-1.66949481517076	338.218611900253	0.0106323095765663
0.0068	-1.45381073281169	343.266650883838	0
0.0069	-1.21600520610809	348.314689867424	0
0.007	-0.961608596146107	353.36272885101	0
0.0071	-0.69062090292573	358.410767834596	0
0.0072	-0.414102848619223	363.458806818182	0
0.0073	-0.132054433226585	368.506845801768	0
0.0074	0.149993982166052	373.554884785354	0
0.0075	0.426512036472559	378.602923768939	0
0.0076	0.697499729692936	383.650962752525	0
0.0077	0.962957061827183	388.699001736111	0
0.0078	1.21735367178917	393.747040719697	0
0.0079	1.44962883740664	398.795079703283	0
0.008	1.65425219759345	403.843118686869	0
0.0081	1.85334519669414	408.891157670455	0
0.0082	2.02478639036417	413.93919665404	0
0.0083	2.17410613968968	418.987235637626	0
0.0084	2.28471336141229	424.035274621212	0
0.0085	2.3787294998765	429.083313604798	0
0.0086	2.44509383291006	434.131352588384	0
0.0087	2.47827599942684	439.17939157197	0
0.0088	2.47827599942684	444.227430555556	0
0.0089	2.43956347182393	449.275469539142	0
0.009	2.36766877770424	454.323508522727	0
0.0091	2.27918300032616	459.371547506313	0
0.0092	2.16304541751742	464.419586489899	0
0.0093	2.01925602927804	469.467625473485	0
0.0094	1.84781483560801	474.515664457071	0
0.0095	1.65978255867958	479.563703440657	0
0.0096	1.44962883740664	484.611742424242	0
0.0097	1.23394475504756	489.659781407828	0
0.0098	0.996139228343964	494.707820391414	0
0.0099	0.752803340554237	499.755859375	0
0.01	0.492876369506121	504.803898358586	0
0.0101	0.232949398458004	509.851937342172	0
0.0102	-0.0269775725901127	514.899976325758	0
0.0103	-0.286904543638229	519.948015309344	0
0.0104	-0.541301153600216	524.996054292929	0
0.0105	-0.795697763562202	530.044093276515	0
0.0106	-1.0335032902658	535.092132260101	0
0.0107	-1.26024809479713	540.140171243687	0
0.0108	-1.47040181607008		
0.0109	-1.6584340929985		
0.011	-1.8409360088408		
0.0111	-2.00131648033857		
0.0112	-2.13957550749183		
0.0113	-2.2446523681283		
0.0114	-2.33313814550638		
0.0115	-2.40503283962607		
0.0116	-2.45480608940125		
0.0117	-2.46586681157351		
0.0118	-2.44927572831511		
0.0119	-2.39397211745381		
0.012	-2.32760778442025		
0.0121	-2.23912200704217		
0.0122	-2.12851478531957		
0.0123	-2.00131648033857		
0.0124	-1.84646636992693		
0.0125	-1.6750251762569		
0.0126	-1.49805362150073		
0.0127	-1.31002134457231		
0.0128	-1.09986762329936		
0.0129	-0.884183540940285		
0.013	-0.657438736408949		
0.0131	-0.430693931877613		
0.0132	-0.198418766260147		
0.0133	0.039386760443449		
0.0134	0.266131564974785		
0.0135	0.498406730592251		
0.0136	0.725151535123587		
0.0137	0.940835617482662		
0.0138	1.15098933875561		
0.0139	1.35008233785629		
0.014	1.53258425369859		
0.0141	1.69849508628249		
0.0142	1.85887555778027		
0.0143	2.00266494601965		
0.0144	2.12986325100064		
0.0145	2.22940975055099		
0.0146	2.31236516684294		
0.0147	2.38425986096263		
0.0148	2.43956347182393		
0.0149	2.47827599942684		
0.015	2.48380636051297		
0.0151	2.47274563834071		
0.0152	2.4340331107378		
0.0153	2.37319913879037		
0.0154	2.29024372249842		
0.0155	2.20728830620646		
0.0156	2.10221144556999		
0.0157	1.975013140589		
0.0158	1.83122375234962		
0.0159	1.67084328085184		
0.016	1.51046280935407		
0.0161	1.33902161568403		
0.0162	1.15651969984174		
0.0163	0.957426700741053		
0.0164	0.752803340554237		
0.0165	0.548179980367422		
0.0166	0.338026259094477		
0.0167	0.122342176735401		
0.0168	-0.0878115445375443		
0.0169	-0.29796526581049		
0.017	-0.502588625997305		
0.0171	-0.71274234727025		
0.0172	-0.906304985284805		
0.0173	-1.09986762329936		
0.0174	-1.27683917805552		
0.0175	-1.44828037172556		
0.0176	-1.60866084322333		
0.0177	-1.75798059254885		
0.0178	-1.90176998078823		
0.0179	-2.02343792468309		
0.018	-2.12851478531957		
0.0181	-2.22253092378378		
0.0182	-2.29442561790347		
0.0183	-2.36632031202316		
0.0184	-2.41609356179833		
0.0185	-2.44927572831511		
0.0186	-2.46586681157351		
0.0187	-2.46033645048738		
0.0188	-2.43268464505672		
0.0189	-2.38844175636768		
0.019	-2.32760778442025		
0.0191	-2.25571309030056		
0.0192	-2.17828803509474		
0.0193	-2.08427189663053		
0.0194	-1.97366467490792		
0.0195	-1.85199673101306		
0.0196	-1.71373770385981		
0.0197	-1.57547867670655		
0.0198	-1.42615892738104		
0.0199	-1.27130881696939		
0.02	-1.10539798438549		
0.0201	-0.933956790715456		
0.0202	-0.756985235959291		
0.0203	-0.580013681203127		
0.0204	-0.386451043188572		
0.0205	-0.203949127346277		
0.0206	-0.0214472115039825		
0.0207	0.166585065424442		
0.0208	0.354617342352867		
0.0209	0.531588897109032		
0.021	0.714090812951326		
0.0211	0.891062367707491		
0.0212	1.06250356137753		
0.0213	1.2228840328753		
0.0214	1.37773414328694		
0.0215	1.5159931704402		
0.0216	1.65425219759345		
0.0217	1.78698086366057		
0.0218	1.90864880755544		
0.0219	2.01925602927804		
0.022	2.12433288991451		
0.0221	2.20175794512033		
0.0222	2.27918300032616		
0.0223	2.34001697227359		
0.0224	2.39532058313489		
0.0225	2.43956347182393		
0.0226	2.46721527725458		
0.0227	2.47827599942684		
0.0228	2.47827599942684		
0.0229	2.46168491616845		
0.023	2.4340331107378		
0.0231	2.38979022204876		
0.0232	2.32895625010133		
0.0233	2.26259191706777		
0.0234	2.19069722294807		
0.0235	2.10221144556999		
0.0236	2.00266494601965		
0.0237	1.89205772429705		
0.0238	1.77038978040218		
0.0239	1.64319147542119		
0.024	1.51046280935407		
0.0241	1.37220378220081		
0.0242	1.2228840328753		
0.0243	1.06803392246366		
0.0244	0.907653450965881		
0.0245	0.741742618381977		
0.0246	0.575831785798073		
0.0247	0.404390592128038		
0.0248	0.232949398458004		
0.0249	0.0615082047879696		
0.025	-0.109932988882065		
0.0251	-0.281374182552099		
0.0252	-0.447285015136003		
0.0253	-0.618726208806038		
0.0254	-0.784637041389942		
0.0255	-0.945017512887716		
0.0256	-1.09986762329936		
0.0257	-1.24918737262487		
0.0258	-1.38744639977813		
0.0259	-1.52570542693138		
0.026	-1.64737337082624		
0.0261	-1.76904131472111		
0.0262	-1.88517889752984		
0.0263	-1.99025575816631		
0.0264	-2.08980225771666		
0.0265	-2.16722731292248		
0.0266	-2.23912200704217		
0.0267	-2.2999559789896		
0.0268	-2.3552595898509		
0.0269	-2.40503283962607		
0.027	-2.43821500614285		
0.0271	-2.46033645048738		
0.0272	-2.46586681157351		
0.0273	-2.46033645048738		
0.0274	-2.43821500614285		
0.0275	-2.40503283962607		
0.0276	-2.36078995093703		
0.0277	-2.30548634007573		
0.0278	-2.2446523681283		
0.0279	-2.17828803509474		
0.028	-2.10086297988892		
0.0281	-2.01790756359696		
0.0282	-1.90730034187436		
0.0283	-1.80222348123789		
0.0284	-1.69161625951529		
0.0285	-1.56441795453429		
0.0286	-1.44275001063943		
0.0287	-1.31002134457231		
0.0288	-1.17176231741905		
0.0289	-1.02797292917967		
0.029	-0.878653179854155		
0.0291	-0.723803069442511		
0.0292	-0.568952959030867		
0.0293	-0.408572487533092		
0.0294	-0.253722377121449		
0.0295	-0.0878115445375443		
0.0296	0.0725689269602299		
0.0297	0.238479759544134		
0.0298	0.393329869955778		
0.0299	0.553710341453552		
0.03	0.708560451865196		
0.0301	0.86341056227684		
0.0302	1.01273031160235		
0.0303	1.15651969984174		
0.0304	1.29477872699499		
0.0305	1.42750739306211		
0.0306	1.54917533695698		
0.0307	1.67637364193797		
0.0308	1.78698086366057		
0.0309	1.89758808538318		
0.031	1.99713458493352		
0.0311	2.09115072339773		
0.0312	2.17410613968968		
0.0313	2.24047047272325		
0.0314	2.29577408358455		
0.0315	2.35660805553198		
0.0316	2.40638130530715		
0.0317	2.44509383291006		
0.0318	2.46721527725458		
0.0319	2.47827599942684		
0.032	2.48380636051297		
0.0321	2.46721527725458		
0.0322	2.44509383291006		
0.0323	2.40085094422102		
0.0324	2.35660805553198		
0.0325	2.29577408358455		
0.0326	2.22940975055099		
0.0327	2.15751505643129		
0.0328	2.06902927905321		
0.0329	1.975013140589		
0.033	1.8644059188664		
0.0331	1.74826833605766		
0.0332	1.6266003921628		
0.0333	1.49940208718181		
0.0334	1.36114306002855		
0.0335	1.2228840328753		
0.0336	1.07356428354979		
0.0337	0.918714173138142		
0.0338	0.758333701640368		
0.0339	0.592422869056463		
0.034	0.426512036472559		
0.0341	0.260601203888655		
0.0342	0.0891600102186203		
0.0343	-0.0822811834514141		
0.0344	-0.253722377121449		
0.0345	-0.419633209705353		
0.0346	-0.585544042289257		
0.0347	-0.751454874873161		
0.0348	-0.917365707457066		
0.0349	-1.07221581786871		
0.035	-1.22153556719422		
0.0351	-1.36532495543361		
0.0352	-1.50358398258686		
0.0353	-1.63631264865398		
0.0354	-1.75798059254885		
0.0355	-1.87411817535758		
0.0356	-1.99025575816631		
0.0357	-2.08427189663053		
0.0358	-2.17275767400861		
0.0359	-2.23912200704217		
0.036	-2.30548634007573		
0.0361	-2.36078995093703		
0.0362	-2.4105632007122		
0.0363	-2.44374536722898		
0.0364	-2.46033645048738		
0.0365	-2.46033645048738		
0.0366	-2.44927572831511		
0.0367	-2.42162392288446		
0.0368	-2.37738103419542		
0.0369	-2.31654706224799		
0.037	-2.25018272921443		
0.0371	-2.18381839618087		
0.0372	-2.10086297988892		
0.0373	-2.00131648033857		
0.0374	-1.89070925861597		
0.0375	-1.76904131472111		
0.0376	-1.63631264865398		
0.0377	-1.50358398258686		
0.0378	-1.35979459434748		
0.0379	-1.21047484502196		
0.038	-1.05562473461032		
0.0381	-0.884183540940285		
0.0382	-0.71274234727025		
0.0383	-0.541301153600216		
0.0384	-0.358799237757921		
0.0385	-0.176297321915627		
0.0386	0.00620459392666817		
0.0387	0.188706509768963		
0.0388	0.371208425611258		
0.0389	0.553710341453552		
0.039	0.730681896209717		
0.0391	0.913183812052011		
0.0392	1.07909464463592		
0.0393	1.23947511613369		
0.0394	1.39985558763146		
0.0395	1.54364497587085		
0.0396	1.6819040030241		
0.0397	1.82016303017735		
0.0398	1.94736133515835		
0.0399	2.05796855688095		
0.04	2.15198469534516		
0.0401	2.23494011163712		
0.0402	2.31236516684294		
0.0403	2.37319913879037		
0.0404	2.42297238856554		
0.0405	2.46168491616845		
0.0406	2.47827599942684		
0.0407	2.48380636051297		
0.0408	2.46721527725458		
0.0409	2.42850274965167		
0.041	2.36766877770424		
0.0411	2.30683480575681		
0.0412	2.22387938946486		
0.0413	2.13539361208677		
0.0414	2.02478639036417		
0.0415	1.89758808538318		
0.0416	1.75932905822992		
0.0417	1.61000930890441		
0.0418	1.45515919849277		
0.0419	1.28924836590886		
0.042	1.1122768111527		
0.0421	0.918714173138142		
0.0422	0.725151535123587		
0.0423	0.526058536022902		
0.0424	0.321435175836086		
0.0425	0.111281454563141		
0.0426	-0.0933419056236744		
0.0427	-0.30349562689662		
0.0428	-0.513649348169565		
0.0429	-0.71274234727025		
0.043	-0.911835346370935		
0.0431	-1.11092834547162		
0.0432	-1.28789990022779		
0.0433	-1.46487145498395		
0.0434	-1.62525192648172		
0.0435	-1.78010203689337		
0.0436	-1.92389142513275		
0.0437	-2.05108973011374		
0.0438	-2.16169695183635		
0.0439	-2.25018272921443		
0.044	-2.33313814550638		
0.0441	-2.39397211745381		
0.0442	-2.44374536722898		
0.0443	-2.46586681157351		
0.0444	-2.46033645048738		
0.0445	-2.43821500614285		
0.0446	-2.38291139528155		
0.0447	-2.31654706224799		
0.0448	-2.23912200704217		
0.0449	-2.13957550749183		
0.045	-2.02896828576922		
0.0451	-1.88517889752984		
0.0452	-1.7303287871182		
0.0453	-1.56441795453429		
0.0454	-1.38744639977813		
0.0455	-1.1994141228497		
0.0456	-1.00585148483515		
0.0457	-0.790167402476072		
0.0458	-0.568952959030867		
0.0459	-0.347738515585661		
0.046	-0.120993711054325		
0.0461	0.111281454563141		
0.0462	0.338026259094477		
0.0463	0.564771063625813		
0.0464	0.791515868157148		
0.0465	1.00719995051622		
0.0466	1.21182331070304		
0.0467	1.41091630980372		
0.0468	1.59341822564602		
0.0469	1.77038978040218		
0.047	1.92523989081383		
0.0471	2.06349891796708		
0.0472	2.18516686186194		
0.0473	2.28471336141229		
0.0474	2.36766877770424		
0.0475	2.4340331107378		
0.0476	2.47274563834071		
0.0477	2.48380636051297		
0.0478	2.46721527725458		
0.0479	2.41744202747941		
0.048	2.35107769444585		
0.0481	2.25706155598164		
0.0482	2.15198469534516		
0.0483	2.01925602927804		
0.0484	1.85887555778027		
0.0485	1.6819040030241		
0.0486	1.48834136500955		
0.0487	1.28371800482273		
0.0488	1.06250356137753		
0.0489	0.824698034673929		
0.049	0.581362146884203		
0.0491	0.326965536922216		
0.0492	0.0670385658740997		
0.0493	-0.187358044087887		
0.0494	-0.441754654049873		
0.0495	-0.69615126401186		
0.0496	-0.939487151801586		
0.0497	-1.17176231741905		
0.0498	-1.39850712195039		
0.0499	-1.59760012105107		
0.05	-1.7856323979795		
0.0501	-1.95707359164953		
0.0502	-2.10639334097505		
0.0503	-2.22806128486991		
0.0504	-2.32760778442025		
0.0505	-2.40503283962607		
0.0506	-2.45480608940125		
0.0507	-2.46586681157351		
0.0508	-2.43821500614285		
0.0509	-2.37738103419542		
0.051	-2.28889525681734		
0.0511	-2.18381839618087		
0.0512	-2.05108973011374		
0.0513	-1.88517889752984		
0.0514	-1.69714662060142		
0.0515	-1.48699289932847		
0.0516	-1.26577845588326		
0.0517	-1.02797292917967		
0.0518	-0.768045958131552		
0.0519	-0.502588625997305		
0.052	-0.231600932776928		
0.0521	0.0504474826157093		
0.0522	0.326965536922216		
0.0523	0.603483591228724		
0.0524	0.8744712844491		
0.0525	1.12886789441109		
0.0526	1.37220378220081		
0.0527	1.59894858673215		
0.0528	1.79804158583283		
0.0529	1.98054350167513		
0.053	2.1409239731729		
0.0531	2.26259191706777		
0.0532	2.36213841661811		
0.0533	2.44509383291006		
0.0534	2.47827599942684		
0.0535	2.47827599942684		
0.0536	2.4340331107378		
0.0537	2.34554733335972		
0.0538	2.24047047272325		
0.0539	2.10221144556999		
0.054	1.93077025189996		
0.0541	1.72061653062701		
0.0542	1.49940208718181		
0.0543	1.25053583830595		
0.0544	0.985078506171703		
0.0545	0.703030090779066		
0.0546	0.404390592128038		
0.0547	0.105751093477011		
0.0548	-0.198418766260147		
0.0549	-0.497058264911175		
0.055	-0.790167402476072		
0.0551	-1.07774617895484		
0.0552	-1.34320351108909		
0.0553	-1.58100903779268		
0.0554	-1.80775384232402		
0.0555	-2.0068468414247		
0.0556	-2.16722731292248		
0.0557	-2.28889525681734		
0.0558	-2.38844175636768		
0.0559	-2.45480608940125		
0.056	-2.46033645048738		
0.0561	-2.42162392288446		
0.0562	-2.33866850659251		
0.0563	-2.22253092378378		
0.0564	-2.07321117445827		
0.0565	-1.89070925861597		
0.0566	-1.66949481517076		
0.0567	-1.42615892738104		
0.0568	-1.16070159524679		
0.0569	-0.867592457681894		
0.057	-0.563422597944736		
0.0571	-0.248192016035318		
0.0572	0.0725689269602299		
0.0573	0.393329869955778		
0.0574	0.714090812951326		
0.0575	1.01826067268848		
0.0576	1.30030908808112		
0.0577	1.56023605912924		
0.0578	1.79804158583283		
0.0579	2.01372566819191		
0.058	2.18516686186194		
0.0581	2.31236516684294		
0.0582	2.41744202747941		
0.0583	2.47274563834071		
0.0584	2.47827599942684		
0.0585	2.42850274965167		
0.0586	2.32895625010133		
0.0587	2.20175794512033		
0.0588	2.0303167514503		
0.0589	1.80910230800509		
0.059	1.56576642021537		
0.0591	1.29477872699499		
0.0592	0.996139228343964		
0.0593	0.669847924262285		
0.0594	0.326965536922216		
0.0595	-0.0103864893317223		
0.0596	-0.353268876671791		
0.0597	-0.69062090292573		
0.0598	-1.01691220700741		
0.0599	-1.31555170565844		
0.06	-1.59206975996494		
0.0601	-1.8409360088408		
0.0602	-2.05108973011374		
0.0603	-2.22253092378378		
0.0604	-2.34419886767864		
0.0605	-2.43821500614285		
0.0606	-2.46586681157351		
0.0607	-2.43268464505672		
0.0608	-2.33866850659251		
0.0609	-2.20593984052539		
0.061	-2.04002900794148		
0.0611	-1.81328420341015		
0.0612	-1.55335723236203		
0.0613	-1.27130881696939		
0.0614	-0.956078235059977		
0.0615	-0.613195847719908		
0.0616	-0.270313460379839		
0.0617	0.0946903713047504		
0.0618	0.44863348081708		
0.0619	0.797046229243279		
0.062	1.12886789441109		
0.0621	1.42750739306211		
0.0622	1.70402544736862		
0.0623	1.95289169624448		
0.0624	2.15751505643129		
0.0625	2.30130444467068		
0.0626	2.41744202747941		
0.0627	2.47827599942684		
0.0628	2.46721527725458		
0.0629	2.40085094422102		
0.063	2.27918300032616		
0.0631	2.11327216774225		
0.0632	1.89758808538318		
0.0633	1.63213075324893		
0.0634	1.33902161568403		
0.0635	1.01273031160235		
0.0636	0.653256841003895		
0.0637	0.288253009319305		
0.0638	-0.0878115445375443		
0.0639	-0.458345737308264		
0.064	-0.823349568992853		
0.0641	-1.17176231741905		
0.0642	-1.48146253824234		
0.0643	-1.76351095363498		
0.0644	-2.0068468414247		
0.0645	-2.20593984052539		
0.0646	-2.33866850659251		
0.0647	-2.43821500614285		
0.0648	-2.46586681157351		
0.0649	-2.4105632007122		
0.065	-2.2999559789896		
0.0651	-2.15063622966409		
0.0652	-1.93495214730501		
0.0653	-1.6750251762569		
0.0654	-1.37085531651974		
0.0655	-1.04456401243806		
0.0656	-0.6850905418396		
0.0657	-0.30349562689662		
0.0658	0.07809928804636		
0.0659	0.45969420298934		
0.066	0.84128911793232		
0.0661	1.19523222744465		
0.0662	1.51046280935407		
0.0663	1.79804158583283		
0.0664	2.04690783470869		
0.0665	2.23494011163712		
0.0666	2.37319913879037		
0.0667	2.46168491616845		
0.0668	2.47827599942684		
0.0669	2.41744202747941		
0.067	2.29024372249842		
0.0671	2.12433288991451		
0.0672	1.88652736321092		
0.0673	1.60447894781828		
0.0674	1.28371800482273		
0.0675	0.929774895310402		
0.0676	0.542649619281292		
0.0677	0.149993982166052		
0.0678	-0.253722377121449		
0.0679	-0.646378014236689		
0.068	-1.02797292917967		
0.0681	-1.37085531651974		
0.0682	-1.68055553734303		
0.0683	-1.95707359164953		
0.0684	-2.17828803509474		
0.0685	-2.32760778442025		
0.0686	-2.43821500614285		
0.0687	-2.46586681157351		
0.0688	-2.4105632007122		
0.0689	-2.28336489573121		
0.069	-2.11192370206118		
0.0691	-1.86858781427145		
0.0692	-1.58100903779268		
0.0693	-1.254717733711		
0.0694	-0.889713902026415		
0.0695	-0.491527903825045		
0.0696	-0.0878115445375443		
0.0697	0.315904814749956		
0.0698	0.719621174037457		
0.0699	1.10121608898044		
0.07	1.44962883740664		
0.0701	1.75932905822992		
0.0702	2.0303167514503		
0.0703	2.22940975055099		
0.0704	2.3787294998765		
0.0705	2.46721527725458		
0.0706	2.47827599942684		
0.0707	2.40085094422102		
0.0708	2.26259191706777		
0.0709	2.06349891796708		
0.071	1.80357194691896		
0.0711	1.48834136500955		
0.0712	1.13992861658335		
0.0713	0.752803340554237		
0.0714	0.338026259094477		
0.0715	-0.076750822365284		
0.0716	-0.497058264911175		
0.0717	-0.900774624198675		
0.0718	-1.27683917805552		
0.0719	-1.60866084322333		
0.072	-1.90730034187436		
0.0721	-2.14510586857796		
0.0722	-2.31101670116186		
0.0723	-2.43268464505672		
0.0724	-2.46586681157351		
0.0725	-2.4105632007122		
0.0726	-2.27230417355895		
0.0727	-2.08980225771666		
0.0728	-1.82987528666854		
0.0729	-1.52017506584525		
0.073	-1.17176231741905		
0.0731	-0.784637041389942		
0.0732	-0.369859959930182		
0.0733	0.0615082047879696		
0.0734	0.47628528624773		
0.0735	0.885532006621361		
0.0736	1.26712692156434		
0.0737	1.60447894781828		
0.0738	1.90864880755544		
0.0739	2.15198469534516		
0.074	2.3234258890152		
0.0741	2.44509383291006		
0.0742	2.48380636051297		
0.0743	2.42850274965167		
0.0744	2.30130444467068		
0.0745	2.11327216774225		
0.0746	1.85334519669414		
0.0747	1.54917533695698		
0.0748	1.18970186635852		
0.0749	0.791515868157148		
0.075	0.371208425611258		
0.0751	-0.0601597391068935		
0.0752	-0.491527903825045		
0.0753	-0.906304985284805		
0.0754	-1.28789990022779		
0.0755	-1.63078228756785		
0.0756	-1.92942178621888		
0.0757	-2.16169695183635		
0.0758	-2.33313814550638		
0.0759	-2.44374536722898		
0.076	-2.46033645048738		
0.0761	-2.37738103419542		
0.0762	-2.23359164595604		
0.0763	-2.02343792468309		
0.0764	-1.74138950929046		
0.0765	-1.40956784412265		
0.0766	-1.03903365135193		
0.0767	-0.629786930978298		
0.0768	-0.198418766260147		
0.0769	0.232949398458004		
0.077	0.658787202090025		
0.0771	1.06803392246366		
0.0772	1.43856811523438		
0.0773	1.76485941931605		
0.0774	2.04690783470869		
0.0775	2.25706155598164		
0.0776	2.40085094422102		
0.0777	2.47827599942684		
0.0778	2.46168491616845		
0.0779	2.35660805553198		
0.078	2.19069722294807		
0.0781	1.95289169624448		
0.0782	1.64319147542119		
0.0783	1.30030908808112		
0.0784	0.902123089879751		
0.0785	0.48181564733386		
0.0786	0.0449171215295792		
0.0787	-0.397511765360832		
0.0788	-0.823349568992853		
0.0789	-1.22153556719422		
0.079	-1.56994831562042		
0.0791	-1.87964853644371		
0.0792	-2.1340451464057		
0.0793	-2.31101670116186		
0.0794	-2.43821500614285		
0.0795	-2.46586681157351		
0.0796	-2.39397211745381		
0.0797	-2.2446523681283		
0.0798	-2.04002900794148		
0.0799	-1.75245023146272		
0.08	-1.43168928846717		
0.0801	-1.05562473461032		
0.0802	-0.646378014236689		
0.0803	-0.215009849518538		
0.0804	0.221888676285744		
0.0805	0.653256841003895		
0.0806	1.06803392246366		
0.0807	1.43856811523438		
0.0808	1.77038978040218		
0.0809	2.05243819579482		
0.081	2.25706155598164		
0.0811	2.40085094422102		
0.0812	2.47827599942684		
0.0813	2.46168491616845		
0.0814	2.35107769444585		
0.0815	2.17963650077581		
0.0816	1.93630061298609		
0.0817	1.63213075324893		
0.0818	1.2781876437366		
0.0819	0.880001645535231		
0.082	0.45969420298934		
0.0821	0.0227956771850586		
0.0822	-0.419633209705353		
0.0823	-0.839940652251244		
0.0824	-1.23812665045261		
0.0825	-1.59206975996494		
0.0826	-1.8962396197021		
0.0827	-2.14510586857796		
0.0828	-2.32207742333412		
0.0829	-2.43821500614285		
0.083	-2.46586681157351		
0.0831	-2.38844175636768		
0.0832	-2.23912200704217		
0.0833	-2.03449864685535		
0.0834	-1.75245023146272		
0.0835	-1.42062856629491		
0.0836	-1.05009437352419		
0.0837	-0.640847653150558		
0.0838	-0.209479488432407		
0.0839	0.221888676285744		
0.084	0.647726479917765		
0.0841	1.05144283920527		
0.0842	1.42750739306211		
0.0843	1.75379869714379		
0.0844	2.03584711253643		
0.0845	2.24600083380938		
0.0846	2.39532058313489		
0.0847	2.47827599942684		
0.0848	2.46721527725458		
0.0849	2.36213841661811		
0.085	2.20728830620646		
0.0851	1.975013140589		
0.0852	1.6819040030241		
0.0853	1.33902161568403		
0.0854	0.962957061827183		
0.0855	0.542649619281292		
0.0856	0.116811815649271		
0.0857	-0.31455634906888		
0.0858	-0.734863791614771		
0.0859	-1.13304978981614		
0.086	-1.4925232604146		
0.0861	-1.80775384232402		
0.0862	-2.07321117445827		
0.0863	-2.26677381247282		
0.0864	-2.40503283962607		
0.0865	-2.46586681157351		
0.0866	-2.43268464505672		
0.0867	-2.31101670116186		
0.0868	-2.13957550749183		
0.0869	-1.8962396197021		
0.087	-1.59760012105107		
0.0871	-1.254717733711		
0.0872	-0.878653179854155		
0.0873	-0.463876098394394		
0.0874	-0.0435686558485031		
0.0875	0.376738786697388		
0.0876	0.791515868157148		
0.0877	1.17864114418626		
0.0878	1.52705389261246		
0.0879	1.83675411343575		
0.088	2.09115072339773		
0.0881	2.27918300032616		
0.0882	2.41744202747941		
0.0883	2.47827599942684		
0.0884	2.45062419399619		
0.0885	2.35107769444585		
0.0886	2.19069722294807		
0.0887	1.96395241841674		
0.0888	1.67637364193797		
0.0889	1.34455197677016		
0.089	0.974017783999443		
0.0891	0.575831785798073		
0.0892	0.161054704338312		
0.0893	-0.253722377121449		
0.0894	-0.668499458581209		
0.0895	-1.05562473461032		
0.0896	-1.41509820520878		
0.0897	-1.72479842603207		
0.0898	-2.00131648033857		
0.0899	-2.21147020161152		
0.09	-2.36078995093703		
0.0901	-2.44927572831511		
0.0902	-2.45480608940125		
0.0903	-2.37185067310929		
0.0904	-2.23359164595604		
0.0905	-2.02896828576922		
0.0906	-1.76904131472111		
0.0907	-1.47040181607008		
0.0908	-1.12751942873001		
0.0909	-0.745924513787031		
0.091	-0.342208154499531		
0.0911	0.0615082047879696		
0.0912	0.45969420298934		
0.0913	0.85788020119071		
0.0914	1.2228840328753		
0.0915	1.54917533695698		
0.0916	1.84228447452188		
0.0917	2.09115072339773		
0.0918	2.27365263924003		
0.0919	2.40638130530715		
0.092	2.47827599942684		
0.0921	2.46721527725458		
0.0922	2.3787294998765		
0.0923	2.24047047272325		
0.0924	2.04137747362256		
0.0925	1.78698086366057		
0.0926	1.48281100392342		
0.0927	1.15098933875561		
0.0928	0.780455145984888		
0.0929	0.393329869955778		
0.093	-0.00485612824559212		
0.0931	-0.403042126446962		
0.0932	-0.784637041389942		
0.0933	-1.15517123416066		
0.0934	-1.48146253824234		
0.0935	-1.77457167580724		
0.0936	-2.02343792468309		
0.0937	-2.21700056269765		
0.0938	-2.36078995093703		
0.0939	-2.44927572831511		
0.094	-2.46033645048738		
0.0941	-2.39397211745381		
0.0942	-2.26677381247282		
0.0943	-2.09533261880279		
0.0944	-1.86858781427145		
0.0945	-1.59206975996494		
0.0946	-1.28789990022779		
0.0947	-0.939487151801586		
0.0948	-0.580013681203127		
0.0949	-0.198418766260147		
0.095	0.183176148682833		
0.0951	0.564771063625813		
0.0952	0.929774895310402		
0.0953	1.26712692156434		
0.0954	1.57682714238763		
0.0955	1.84781483560801		
0.0956	2.0856203623116		
0.0957	2.25706155598164		
0.0958	2.38425986096263		
0.0959	2.46721527725458		
0.096	2.48380636051297		
0.0961	2.42297238856554		
0.0962	2.30683480575681		
0.0963	2.15198469534516		
0.0964	1.94183097407222		
0.0965	1.67637364193797		
0.0966	1.3887948654592		
0.0967	1.06803392246366		
0.0968	0.719621174037457		
0.0969	0.349086981266737		
0.097	-0.0159168504178524		
0.0971	-0.386451043188572		
0.0972	-0.745924513787031		
0.0973	-1.09433726221323		
0.0974	-1.39850712195039		
0.0975	-1.68608589842916		
0.0976	-1.93495214730501		
0.0977	-2.13957550749183		
0.0978	-2.28889525681734		
0.0979	-2.40503283962607		
0.098	-2.46033645048738		
0.0981	-2.44927572831511		
0.0982	-2.37185067310929		
0.0983	-2.25018272921443		
0.0984	-2.08980225771666		
0.0985	-1.87964853644371		
0.0986	-1.62525192648172		
0.0987	-1.34873387217522		
0.0988	-1.03903365135193		
0.0989	-0.70721198618412		
0.099	-0.358799237757921		
0.0991	-0.0103864893317223		
0.0992	0.343556620180607		
0.0993	0.686439007520676		
0.0994	1.01273031160235		
0.0995	1.31690017133951		
0.0996	1.59894858673215		
0.0997	1.84781483560801		
0.0998	2.06349891796708		
0.0999	2.22940975055099		
0.1	2.35660805553198		
0.1001	2.44509383291006		
0.1002	2.47827599942684		
0.1003	2.46168491616845		
0.1004	2.38425986096263		
0.1005	2.26259191706777		
0.1006	2.11327216774225		
0.1007	1.90864880755544		
0.1008	1.67084328085184		
0.1009	1.40538594871759		
0.101	1.11780717223883		
0.1011	0.802576590329409		
0.1012	0.4707549251616		
0.1013	0.138933259993792		
0.1014	-0.198418766260147		
0.1015	-0.530240431427956		
0.1016	-0.851001374423504		
0.1017	-1.15517123416066		
0.1018	-1.43168928846717		
0.1019	-1.68608589842916		
0.102	-1.91836106404662		
0.1021	-2.10639334097505		
0.1022	-2.25018272921443		
0.1023	-2.36078995093703		
0.1024	-2.43821500614285		
0.1025	-2.46586681157351		
0.1026	-2.43821500614285		
0.1027	-2.34972922876477		
0.1028	-2.2446523681283		
0.1029	-2.09533261880279		
0.103	-1.90730034187436		
0.1031	-1.68055553734303		
0.1032	-1.4372196495533		
0.1033	-1.17729267850518		
0.1034	-0.889713902026415		
0.1035	-0.591074403375387		
0.1036	-0.275843821465969		
0.1037	0.039386760443449		
0.1038	0.349086981266737		
0.1039	0.653256841003895		
0.104	0.946365978568792		
0.1041	1.22841439396143		
0.1042	1.48281100392342		
0.1043	1.71508616954088		
0.1044	1.92523989081383		
0.1045	2.10774180665612		
0.1046	2.24600083380938		
0.1047	2.35660805553198		
0.1048	2.43956347182393		
0.1049	2.47827599942684		
0.105	2.47274563834071		
0.1051	2.42850274965167		
0.1052	2.34001697227359		
0.1053	2.22387938946486		
0.1054	2.08009000122547		
0.1055	1.89205772429705		
0.1056	1.6819040030241		
0.1057	1.45515919849277		
0.1058	1.20629294961691		
0.1059	0.935305256396532		
0.106	0.647726479917765		
0.1061	0.360147703438997		
0.1062	0.0670385658740997		
0.1063	-0.226070571690798		
0.1064	-0.513649348169565		
0.1065	-0.795697763562202		
0.1066	-1.07221581786871		
0.1067	-1.32108206674457		
0.1068	-1.5478268712759		
0.1069	-1.76351095363498		
0.107	-1.95707359164953		
0.1071	-2.11192370206118		
0.1072	-2.2446523681283		
0.1073	-2.34419886767864		
0.1074	-2.42162392288446		
0.1075	-2.46033645048738		
0.1076	-2.46033645048738		
0.1077	-2.42162392288446		
0.1078	-2.34419886767864		
0.1079	-2.2446523681283		
0.108	-2.12298442423344		
0.1081	-1.96813431382179		
0.1082	-1.7856323979795		
0.1083	-1.58100903779268		
0.1084	-1.37085531651974		
0.1085	-1.13858015090227		
0.1086	-0.889713902026415		
0.1087	-0.635317292064428		
0.1088	-0.369859959930182		
0.1089	-0.0988722667098045		
0.109	0.166585065424442		
0.1091	0.432042397558689		
0.1092	0.697499729692936		
0.1093	0.946365978568792		
0.1094	1.18417150527239		
0.1095	1.40538594871759		
0.1096	1.61000930890441		
0.1097	1.80357194691896		
0.1098	1.98054350167513		
0.1099	2.11880252882838		
0.11	2.24047047272325		
0.1101	2.33448661118746		
0.1102	2.41744202747941		
0.1103	2.46721527725458		
0.1104	2.48380636051297		
0.1105	2.46721527725458		
0.1106	2.42297238856554		
0.1107	2.35107769444585		
0.1108	2.25706155598164		
0.1109	2.15198469534516		
0.111	2.01372566819191		
0.1111	1.84781483560801		
0.1112	1.66531291976571		
0.1113	1.47175028175116		
0.1114	1.26712692156434		
0.1115	1.05144283920527		
0.1116	0.819167673587799		
0.1117	0.575831785798073		
0.1118	0.326965536922216		
0.1119	0.0836296491324902		
0.112	-0.165236599743366		
0.1121	-0.403042126446962		
0.1122	-0.646378014236689		
0.1123	-0.878653179854155		
0.1124	-1.10539798438549		
0.1125	-1.31002134457231		
0.1126	-1.50358398258686		
0.1127	-1.68608589842916		
0.1128	-1.85199673101306		
0.1129	-2.0068468414247		
0.113	-2.12851478531957		
0.1131	-2.23359164595604		
0.1132	-2.32207742333412		
0.1133	-2.39397211745381		
0.1134	-2.44374536722898		
0.1135	-2.46586681157351		
0.1136	-2.46033645048738		
0.1137	-2.42162392288446		
0.1138	-2.36078995093703		
0.1139	-2.28889525681734		
0.114	-2.20040947943926		
0.1141	-2.09533261880279		
0.1142	-1.96260395273566		
0.1143	-1.81881456449628		
0.1144	-1.6584340929985		
0.1145	-1.48699289932847		
0.1146	-1.31002134457231		
0.1147	-1.11645870655775		
0.1148	-0.917365707457066		
0.1149	-0.70168162509799		
0.115	-0.485997542738914		
0.1151	-0.264783099293709		
0.1152	-0.0490990169346333		
0.1153	0.166585065424442		
0.1154	0.387799508869648		
0.1155	0.597953230142593		
0.1156	0.808106951415539		
0.1157	1.00719995051622		
0.1158	1.20629294961691		
0.1159	1.38326450437307		
0.116	1.55470569804311		
0.1161	1.70955580845475		
0.1162	1.85887555778027		
0.1163	1.99713458493352		
0.1164	2.11327216774225		
0.1165	2.21834902837873		
0.1166	2.29577408358455		
0.1167	2.36213841661811		
0.1168	2.42297238856554		
0.1169	2.46721527725458		
0.117	2.48380636051297		
0.1171	2.48380636051297		
0.1172	2.46168491616845		
0.1173	2.41191166639328		
0.1174	2.35107769444585		
0.1175	2.27365263924003		
0.1176	2.18516686186194		
0.1177	2.09115072339773		
0.1178	1.96948277950287		
0.1179	1.83675411343575		
0.118	1.69296472519636		
0.1181	1.53811461478472		
0.1182	1.37773414328694		
0.1183	1.20076258853078		
0.1184	1.02379103377461		
0.1185	0.835758756846189		
0.1186	0.647726479917765		
0.1187	0.44863348081708		
0.1188	0.255070842802525		
0.1189	0.0504474826157093		
0.119	-0.143115155398846		
0.1191	-0.342208154499531		
0.1192	-0.541301153600216		
0.1193	-0.729333430528641		
0.1194	-0.917365707457066		
0.1195	-1.0888069011271		
0.1196	-1.26024809479713		
0.1197	-1.42062856629491		
0.1198	-1.56994831562042		
0.1199	-1.71373770385981		
0.12	-1.85199673101306		
0.1201	-1.96813431382179		
0.1202	-2.0787415355444		
0.1203	-2.17275767400861		
0.1204	-2.25018272921443		
0.1205	-2.31654706224799		
0.1206	-2.37738103419542		
0.1207	-2.42162392288446		
0.1208	-2.45480608940125		
0.1209	-2.46586681157351		
0.121	-2.46033645048738		
0.1211	-2.43268464505672		
0.1212	-2.39397211745381		
0.1213	-2.33866850659251		
0.1214	-2.27230417355895		
0.1215	-2.20593984052539		
0.1216	-2.12298442423344		
0.1217	-2.02343792468309		
0.1218	-1.91283070296049		
0.1219	-1.79669312015176		
0.122	-1.66949481517076		
0.1221	-1.53676614910364		
0.1222	-1.38744639977813		
0.1223	-1.24365701153874		
0.1224	-1.08327654004097		
0.1225	-0.922896068543196		
0.1226	-0.756985235959291		
0.1227	-0.585544042289257		
0.1228	-0.414102848619223		
0.1229	-0.237131293863058		
0.123	-0.0656901001930237		
0.1231	0.111281454563141		
0.1232	0.288253009319305		
0.1233	0.45969420298934		
0.1234	0.631135396659374		
0.1235	0.797046229243279		
0.1236	0.957426700741053		
0.1237	1.12333753332496		
0.1238	1.26712692156434		
0.1239	1.41091630980372		
0.124	1.54917533695698		
0.1241	1.67637364193797		
0.1242	1.79804158583283		
0.1243	1.91417916864157		
0.1244	2.02478639036417		
0.1245	2.11880252882838		
0.1246	2.1962275840342		
0.1247	2.2681222781539		
0.1248	2.32895625010133		
0.1249	2.3787294998765		
0.125	2.42850274965167		
0.1251	2.46168491616845		
0.1252	2.47827599942684		
0.1253	2.48380636051297		
0.1254	2.47274563834071		
0.1255	2.45062419399619		
0.1256	2.41191166639328		
0.1257	2.36213841661811		
0.1258	2.30683480575681		
0.1259	2.24600083380938		
0.126	2.16857577860355		
0.1261	2.0856203623116		
0.1262	1.98607386276126		
0.1263	1.87546664103866		
0.1264	1.75932905822992		
0.1265	1.63766111433506		
0.1266	1.51046280935407		
0.1267	1.37773414328694		
0.1268	1.23947511613369		
0.1269	1.09015536680818		
0.127	0.935305256396532		
0.1271	0.780455145984888		
0.1272	0.620074674487114		
0.1273	0.45416384190321		
0.1274	0.293783370405436		
0.1275	0.122342176735401		
0.1276	-0.0435686558485031		
0.1277	-0.203949127346277		
0.1278	-0.369859959930182		
0.1279	-0.530240431427956		
0.128	-0.69062090292573		
0.1281	-0.845471013337374		
0.1282	-1.00032112374902		
0.1283	-1.14964087307453		
0.1284	-1.28789990022779		
0.1285	-1.42615892738104		
0.1286	-1.55335723236203		
0.1287	-1.6750251762569		
0.1288	-1.79116275906563		
0.1289	-1.90176998078823		
0.129	-2.0068468414247		
0.1291	-2.09533261880279		
0.1292	-2.17828803509474		
0.1293	-2.23912200704217		
0.1294	-2.2999559789896		
0.1295	-2.3552595898509		
0.1296	-2.39950247853994		
0.1297	-2.43268464505672		
0.1298	-2.45480608940125		
0.1299	-2.46586681157351		
0.13	-2.46033645048738		
0.1301	-2.43821500614285		
0.1302	-2.40503283962607		
0.1303	-2.36078995093703		
0.1304	-2.30548634007573		
0.1305	-2.25018272921443		
0.1306	-2.18381839618087		
0.1307	-2.11192370206118		
0.1308	-2.02343792468309		
0.1309	-1.92389142513275		
0.131	-1.81881456449628		
0.1311	-1.70267698168755		
0.1312	-1.58653939887881		
0.1313	-1.45934109389782		
0.1314	-1.33214278891683		
0.1315	-1.19388376176357		
0.1316	-1.05009437352419		
0.1317	-0.900774624198675		
0.1318	-0.751454874873161		
0.1319	-0.591074403375387		
0.132	-0.430693931877613		
0.1321	-0.270313460379839		
0.1322	-0.104402627795935		
0.1323	0.0559778437018394		
0.1324	0.216358315199614		
0.1325	0.376738786697388		
0.1326	0.542649619281292		
0.1327	0.697499729692936		
0.1328	0.85234984010458		
0.1329	1.00719995051622		
0.133	1.15651969984174		
0.1331	1.30030908808112		
0.1332	1.43303775414824		
0.1333	1.56023605912924		
0.1334	1.68743436411023		
0.1335	1.80357194691896		
0.1336	1.91417916864157		
0.1337	2.01925602927804		
0.1338	2.10774180665612		
0.1339	2.18516686186194		
0.134	2.25706155598164		
0.1341	2.31789552792907		
0.1342	2.37319913879037		
0.1343	2.42297238856554		
0.1344	2.45615455508232		
0.1345	2.47827599942684		
0.1346	2.4893367215991		
0.1347	2.47827599942684		
0.1348	2.45615455508232		
0.1349	2.42297238856554		
0.135	2.37319913879037		
0.1351	2.31789552792907		
0.1352	2.25153119489551		
0.1353	2.17410613968968		
0.1354	2.09115072339773		
0.1355	1.99160422384739		
0.1356	1.88099700212479		
0.1357	1.76485941931605		
0.1358	1.63766111433506		
0.1359	1.49387172609568		
0.136	1.36114306002855		
0.1361	1.20629294961691		
0.1362	1.05144283920527		
0.1363	0.891062367707491		
0.1364	0.719621174037457		
0.1365	0.548179980367422		
0.1366	0.371208425611258		
0.1367	0.194236870855093		
0.1368	0.0172653160989285		
0.1369	-0.159706238657236		
0.137	-0.336677793413401		
0.1371	-0.513649348169565		
0.1372	-0.69062090292573		
0.1373	-0.856531735509634		
0.1374	-1.0335032902658		
0.1375	-1.19388376176357		
0.1376	-1.34320351108909		
0.1377	-1.48699289932847		
0.1378	-1.62525192648172		
0.1379	-1.76351095363498		
0.138	-1.88517889752984		
0.1381	-2.00131648033857		
0.1382	-2.10086297988892		
0.1383	-2.18381839618087		
0.1384	-2.26124345138669		
0.1385	-2.32760778442025		
0.1386	-2.38291139528155		
0.1387	-2.43268464505672		
0.1388	-2.45480608940125		
0.1389	-2.46586681157351		
0.139	-2.46033645048738		
0.1391	-2.43268464505672		
0.1392	-2.38844175636768		
0.1393	-2.33313814550638		
0.1394	-2.26677381247282		
0.1395	-2.189348757267		
0.1396	-2.10086297988892		
0.1397	-2.00131648033857		
0.1398	-1.87964853644371		
0.1399	-1.75798059254885		
0.14	-1.61419120430946		
0.1401	-1.47040181607008		
0.1402	-1.31002134457231		
0.1403	-1.14964087307453		
0.1404	-0.972669318318367		
0.1405	-0.795697763562202		
0.1406	-0.607665486633778		
0.1407	-0.414102848619223		
0.1408	-0.220540210604668		
0.1409	-0.0325079336762428		
0.141	0.166585065424442		
0.1411	0.360147703438997		
0.1412	0.553710341453552		
0.1413	0.747272979468107		
0.1414	0.935305256396532		
0.1415	1.11780717223883		
0.1416	1.28924836590886		
0.1417	1.44962883740664		
0.1418	1.60447894781828		
0.1419	1.75379869714379		
0.142	1.89205772429705		
0.1421	2.01925602927804		
0.1422	2.12433288991451		
0.1423	2.22387938946486		
0.1424	2.30130444467068		
0.1425	2.36766877770424		
0.1426	2.42850274965167		
0.1427	2.46721527725458		
0.1428	2.48380636051297		
0.1429	2.47827599942684		
0.143	2.45615455508232		
0.1431	2.40638130530715		
0.1432	2.34001697227359		
0.1433	2.26259191706777		
0.1434	2.17410613968968		
0.1435	2.06902927905321		
0.1436	1.93630061298609		
0.1437	1.79804158583283		
0.1438	1.63766111433506		
0.1439	1.46621992066503		
0.144	1.29477872699499		
0.1441	1.10674645006657		
0.1442	0.902123089879751		
0.1443	0.691969368606806		
0.1444	0.47628528624773		
0.1445	0.260601203888655		
0.1446	0.039386760443449		
0.1447	-0.181827683001757		
0.1448	-0.397511765360832		
0.1449	-0.624256569892168		
0.145	-0.834410291165113		
0.1451	-1.05009437352419		
0.1452	-1.24365701153874		
0.1453	-1.43168928846717		
0.1454	-1.60866084322333		
0.1455	-1.76904131472111		
0.1456	-1.92942178621888		
0.1457	-2.06215045228601		
0.1458	-2.17828803509474		
0.1459	-2.26677381247282		
0.146	-2.34972922876477		
0.1461	-2.4105632007122		
0.1462	-2.45480608940125		
0.1463	-2.46586681157351		
0.1464	-2.44927572831511		
0.1465	-2.4105632007122		
0.1466	-2.33866850659251		
0.1467	-2.26124345138669		
0.1468	-2.16722731292248		
0.1469	-2.04555936902761		
0.147	-1.8962396197021		
0.1471	-1.73585914820433		
0.1472	-1.56441795453429		
0.1473	-1.37638567760587		
0.1474	-1.17176231741905		
0.1475	-0.956078235059977		
0.1476	-0.729333430528641		
0.1477	-0.497058264911175		
0.1478	-0.253722377121449		
0.1479	-0.0103864893317223		
0.148	0.232949398458004		
0.1481	0.4707549251616		
0.1482	0.714090812951326		
0.1483	0.946365978568792		
0.1484	1.167580422014		
0.1485	1.37773414328694		
0.1486	1.57682714238763		
0.1487	1.75932905822992		
0.1488	1.93077025189996		
0.1489	2.08009000122547		
0.149	2.20728830620646		
0.1491	2.30130444467068		
0.1492	2.38425986096263		
0.1493	2.45062419399619		
0.1494	2.47827599942684		
0.1495	2.47827599942684		
0.1496	2.44509383291006		
0.1497	2.38425986096263		
0.1498	2.29577408358455		
0.1499	2.19069722294807		
0.15	2.05796855688095		
0.1501	1.89205772429705		
0.1502	1.70955580845475		
0.1503	1.51046280935407		
0.1504	1.28924836590886		
0.1505	1.05144283920527		
0.1506	0.802576590329409		
0.1507	0.542649619281292		
0.1508	0.277192287147045		
0.1509	0.00620459392666817		
0.151	-0.259252738207579		
0.1511	-0.530240431427956		
0.1512	-0.795697763562202		
0.1513	-1.05009437352419		
0.1514	-1.28789990022779		
0.1515	-1.51464470475912		
0.1516	-1.71926806494594		
0.1517	-1.90730034187436		
0.1518	-2.07321117445827		
0.1519	-2.20593984052539		
0.152	-2.31101670116186		
0.1521	-2.39950247853994		
0.1522	-2.45480608940125		
0.1523	-2.46586681157351		
0.1524	-2.43821500614285		
0.1525	-2.37738103419542		
0.1526	-2.28336489573121		
0.1527	-2.16169695183635		
0.1528	-2.01790756359696		
0.1529	-1.83540564775467		
0.153	-1.63078228756785		
0.1531	-1.40956784412265		
0.1532	-1.17729267850518		
0.1533	-0.911835346370935		
0.1534	-0.635317292064428		
0.1535	-0.347738515585661		
0.1536	-0.0601597391068935		
0.1537	0.232949398458004		
0.1538	0.520528174936771		
0.1539	0.802576590329409		
0.154	1.07909464463592		
0.1541	1.3334912545979		
0.1542	1.56576642021537		
0.1543	1.78698086366057		
0.1544	1.98054350167513		
0.1545	2.14645433425903		
0.1546	2.27365263924003		
0.1547	2.37319913879037		
0.1548	2.45062419399619		
0.1549	2.47827599942684		
0.155	2.46721527725458		
0.1551	2.41191166639328		
0.1552	2.31789552792907		
0.1553	2.1962275840342		
0.1554	2.03584711253643		
0.1555	1.83675411343575		
0.1556	1.61553966999054		
0.1557	1.37220378220081		
0.1558	1.10121608898044		
0.1559	0.813637312501669		
0.156	0.509467452764511		
0.1561	0.199767231941223		
0.1562	-0.120993711054325		
0.1563	-0.430693931877613		
0.1564	-0.740394152700901		
0.1565	-1.03903365135193		
0.1566	-1.31555170565844		
0.1567	-1.56994831562042		
0.1568	-1.80222348123789		
0.1569	-2.0068468414247		
0.157	-2.17275767400861		
0.1571	-2.2999559789896		
0.1572	-2.39397211745381		
0.1573	-2.45480608940125		
0.1574	-2.46033645048738		
0.1575	-2.40503283962607		
0.1576	-2.30548634007573		
0.1577	-2.18381839618087		
0.1578	-2.01790756359696		
0.1579	-1.80775384232402		
0.158	-1.56994831562042		
0.1581	-1.31002134457231		
0.1582	-1.02797292917967		
0.1583	-0.71274234727025		
0.1584	-0.386451043188572		
0.1585	-0.0546293780207634		
0.1586	0.277192287147045		
0.1587	0.603483591228724		
0.1588	0.924244534224272		
0.1589	1.2228840328753		
0.159	1.50493244826794		
0.1591	1.75379869714379		
0.1592	1.98054350167513		
0.1593	2.15751505643129		
0.1594	2.30130444467068		
0.1595	2.41191166639328		
0.1596	2.47274563834071		
0.1597	2.47827599942684		
0.1598	2.42297238856554		
0.1599	2.31789552792907		
0.16	2.19069722294807		
0.1601	2.00819530710578		
0.1602	1.77592014148831		
0.1603	1.5159931704402		
0.1604	1.22841439396143		
0.1605	0.918714173138142		
0.1606	0.575831785798073		
0.1607	0.232949398458004		
0.1608	-0.120993711054325		
0.1609	-0.474936820566654		
0.161	-0.817819207906723		
0.1611	-1.1441105119884		
0.1612	-1.44275001063943		
0.1613	-1.70820734277368		
0.1614	-1.9515432305634		
0.1615	-2.15063622966409		
0.1616	-2.29442561790347		
0.1617	-2.40503283962607		
0.1618	-2.46586681157351		
0.1619	-2.44927572831511		
0.162	-2.37738103419542		
0.1621	-2.25018272921443		
0.1622	-2.09533261880279		
0.1623	-1.87411817535758		
0.1624	-1.61419120430946		
0.1625	-1.33214278891683		
0.1626	-1.01138184592128		
0.1627	-0.668499458581209		
0.1628	-0.30349562689662		
0.1629	0.0559778437018394		
0.163	0.420981675386429		
0.1631	0.780455145984888		
0.1632	1.11780717223883		
0.1633	1.43303775414824		
0.1634	1.70955580845475		
0.1635	1.96395241841674		
0.1636	2.16857577860355		
0.1637	2.31789552792907		
0.1638	2.4340331107378		
0.1639	2.48380636051297		
0.164	2.46721527725458		
0.1641	2.3787294998765		
0.1642	2.24600083380938		
0.1643	2.06902927905321		
0.1644	1.82569339126348		
0.1645	1.54917533695698		
0.1646	1.24500547721982		
0.1647	0.896592728793621		
0.1648	0.526058536022902		
0.1649	0.144463621079922		
0.165	-0.237131293863058		
0.1651	-0.613195847719908		
0.1652	-0.978199679404497		
0.1653	-1.31555170565844		
0.1654	-1.62525192648172		
0.1655	-1.8962396197021		
0.1656	-2.11745406314731		
0.1657	-2.28336489573121		
0.1658	-2.39950247853994		
0.1659	-2.46586681157351		
0.166	-2.44374536722898		
0.1661	-2.3552595898509		
0.1662	-2.20593984052539		
0.1663	-2.01790756359696		
0.1664	-1.76351095363498		
0.1665	-1.47593217715621		
0.1666	-1.14964087307453		
0.1667	-0.790167402476072		
0.1668	-0.403042126446962		
0.1669	-0.0159168504178524		
0.167	0.382269147783518		
0.1671	0.763864062726498		
0.1672	1.12886789441109		
0.1673	1.45515919849277		
0.1674	1.75932905822992		
0.1675	2.01925602927804		
0.1676	2.21834902837873		
0.1677	2.36213841661811		
0.1678	2.46168491616845		
0.1679	2.47827599942684		
0.168	2.42297238856554		
0.1681	2.29577408358455		
0.1682	2.12986325100064		
0.1683	1.88652736321092		
0.1684	1.59894858673215		
0.1685	1.27265728265047		
0.1686	0.913183812052011		
0.1687	0.514997813850641		
0.1688	0.116811815649271		
0.1689	-0.29243490472436		
0.169	-0.69062090292573		
0.1691	-1.07221581786871		
0.1692	-1.42062856629491		
0.1693	-1.72479842603207		
0.1694	-2.00131648033857		
0.1695	-2.20593984052539		
0.1696	-2.3552595898509		
0.1697	-2.44927572831511		
0.1698	-2.46033645048738		
0.1699	-2.37738103419542		
0.17	-2.23912200704217		
0.1701	-2.04555936902761		
0.1702	-1.7856323979795		
0.1703	-1.47593217715621		
0.1704	-1.13858015090227		
0.1705	-0.756985235959291		
0.1706	-0.353268876671791		
0.1707	0.0559778437018394		
0.1708	0.4707549251616		
0.1709	0.8744712844491		
0.171	1.24500547721982		
0.1711	1.57682714238763		
0.1712	1.87546664103866		
0.1713	2.12433288991451		
0.1714	2.30130444467068		
0.1715	2.42850274965167		
0.1716	2.48380636051297		
0.1717	2.45062419399619		
0.1718	2.33448661118746		
0.1719	2.16857577860355		
0.172	1.93630061298609		
0.1721	1.63766111433506		
0.1722	1.30583944916725		
0.1723	0.929774895310402		
0.1724	0.520528174936771		
0.1725	0.100220732390881		
0.1726	-0.32008671015501		
0.1727	-0.734863791614771		
0.1728	-1.12751942873001		
0.1729	-1.48146253824234		
0.173	-1.80222348123789		
0.1731	-2.06215045228601		
0.1732	-2.25571309030056		
0.1733	-2.39950247853994		
0.1734	-2.46033645048738		
0.1735	-2.43821500614285		
0.1736	-2.32207742333412		
0.1737	-2.15616659075022		
0.1738	-1.91836106404662		
0.1739	-1.61972156539559		
0.174	-1.28236953914165		
0.1741	-0.900774624198675		
0.1742	-0.485997542738914		
0.1743	-0.0656901001930237		
0.1744	0.360147703438997		
0.1745	0.780455145984888		
0.1746	1.17311078310013		
0.1747	1.52705389261246		
0.1748	1.83675411343575		
0.1749	2.10221144556999		
0.175	2.29024372249842		
0.1751	2.42297238856554		
0.1752	2.48380636051297		
0.1753	2.45062419399619		
0.1754	2.32895625010133		
0.1755	2.15751505643129		
0.1756	1.91417916864157		
0.1757	1.60447894781828		
0.1758	1.25606619939208		
0.1759	0.86894092336297		
0.176	0.443103119730949		
0.1761	0.0117349550127983		
0.1762	-0.419633209705353		
0.1763	-0.845471013337374		
0.1764	-1.23812665045261		
0.1765	-1.58653939887881		
0.1766	-1.89070925861597		
0.1767	-2.13957550749183		
0.1768	-2.31654706224799		
0.1769	-2.43268464505672		
0.177	-2.46033645048738		
0.1771	-2.38844175636768		
0.1772	-2.2446523681283		
0.1773	-2.04002900794148		
0.1774	-1.75798059254885		
0.1775	-1.4372196495533		
0.1776	-1.06115509569645		
0.1777	-0.657438736408949		
0.1778	-0.226070571690798		
0.1779	0.205297593027353		
0.178	0.636665757745504		
0.1781	1.04591247811913		
0.1782	1.42197703197598		
0.1783	1.75379869714379		
0.1784	2.03584711253643		
0.1785	2.24600083380938		
0.1786	2.40085094422102		
0.1787	2.48380636051297		
0.1788	2.46721527725458		
0.1789	2.35660805553198		
0.179	2.1962275840342		
0.1791	1.95289169624448		
0.1792	1.65425219759345		
0.1793	1.30030908808112		
0.1794	0.913183812052011		
0.1795	0.487346008419991		
0.1796	0.0449171215295792		
0.1797	-0.386451043188572		
0.1798	-0.817819207906723		
0.1799	-1.22153556719422		
0.18	-1.57547867670655		
0.1801	-1.88517889752984		
0.1802	-2.13957550749183		
0.1803	-2.31654706224799		
0.1804	-2.43821500614285		
0.1805	-2.46586681157351		
0.1806	-2.39397211745381		
0.1807	-2.2446523681283		
0.1808	-2.04002900794148		
0.1809	-1.75798059254885		
0.181	-1.43168928846717		
0.1811	-1.05562473461032		
0.1812	-0.646378014236689		
0.1813	-0.215009849518538		
0.1814	0.221888676285744		
0.1815	0.653256841003895		
0.1816	1.06803392246366		
0.1817	1.43856811523438		
0.1818	1.77038978040218		
0.1819	2.04690783470869		
0.182	2.25706155598164		
0.1821	2.40085094422102		
0.1822	2.47827599942684		
0.1823	2.46168491616845		
0.1824	2.35107769444585		
0.1825	2.18516686186194		
0.1826	1.94183097407222		
0.1827	1.63766111433506		
0.1828	1.28924836590886		
0.1829	0.902123089879751		
0.183	0.47628528624773		
0.1831	0.0338563993573189		
0.1832	-0.397511765360832		
0.1833	-0.828879930078983		
0.1834	-1.22706592828035		
0.1835	-1.57547867670655		
0.1836	-1.88517889752984		
0.1837	-2.13957550749183		
0.1838	-2.31101670116186		
0.1839	-2.43268464505672		
0.184	-2.46586681157351		
0.1841	-2.39950247853994		
0.1842	-2.25571309030056		
0.1843	-2.05662009119987		
0.1844	-1.7856323979795		
0.1845	-1.45934109389782		
0.1846	-1.09433726221323		
0.1847	-0.69062090292573		
0.1848	-0.264783099293709		
0.1849	0.166585065424442		
0.185	0.586892507970333		
0.1851	1.00166958943009		
0.1852	1.37773414328694		
0.1853	1.70955580845475		
0.1854	1.99713458493352		
0.1855	2.21281866729259		
0.1856	2.36766877770424		
0.1857	2.46721527725458		
0.1858	2.47827599942684		
0.1859	2.38979022204876		
0.186	2.24047047272325		
0.1861	2.0303167514503		
0.1862	1.74826833605766		
0.1863	1.42197703197598		
0.1864	1.05144283920527		
0.1865	0.647726479917765		
0.1866	0.221888676285744		
0.1867	-0.203949127346277		
0.1868	-0.629786930978298		
0.1869	-1.0335032902658		
0.187	-1.40403748303652		
0.1871	-1.72479842603207		
0.1872	-2.0068468414247		
0.1873	-2.21700056269765		
0.1874	-2.36632031202316		
0.1875	-2.46033645048738		
0.1876	-2.45480608940125		
0.1877	-2.36078995093703		
0.1878	-2.20593984052539		
0.1879	-1.99025575816631		
0.188	-1.70820734277368		
0.1881	-1.38744639977813		
0.1882	-1.01691220700741		
0.1883	-0.624256569892168		
0.1884	-0.209479488432407		
0.1885	0.205297593027353		
0.1886	0.620074674487114		
0.1887	1.02379103377461		
0.1888	1.37773414328694		
0.1889	1.70402544736862		
0.189	1.98607386276126		
0.1891	2.20175794512033		
0.1892	2.35660805553198		
0.1893	2.46168491616845		
0.1894	2.47827599942684		
0.1895	2.41744202747941		
0.1896	2.28471336141229		
0.1897	2.09668108448386		
0.1898	1.83675411343575		
0.1899	1.53258425369859		
0.19	1.18970186635852		
0.1901	0.813637312501669		
0.1902	0.409920953214169		
0.1903	-0.0103864893317223		
0.1904	-0.419633209705353		
0.1905	-0.823349568992853		
0.1906	-1.1994141228497		
0.1907	-1.53676614910364		
0.1908	-1.83540564775467		
0.1909	-2.08427189663053		
0.191	-2.26124345138669		
0.1911	-2.39397211745381		
0.1912	-2.46586681157351		
0.1913	-2.44374536722898		
0.1914	-2.33866850659251		
0.1915	-2.189348757267		
0.1916	-1.97919503599405		
0.1917	-1.70267698168755		
0.1918	-1.39850712195039		
0.1919	-1.05562473461032		
0.192	-0.679560180753469		
0.1921	-0.281374182552099		
0.1922	0.116811815649271		
0.1923	0.514997813850641		
0.1924	0.902123089879751		
0.1925	1.26159656047821		
0.1926	1.57682714238763		
0.1927	1.8644059188664		
0.1928	2.10774180665612		
0.1929	2.27918300032616		
0.193	2.40638130530715		
0.1931	2.47827599942684		
0.1932	2.47274563834071		
0.1933	2.38425986096263		
0.1934	2.24600083380938		
0.1935	2.05796855688095		
0.1936	1.80910230800509		
0.1937	1.52152353152633		
0.1938	1.20076258853078		
0.1939	0.84128911793232		
0.194	0.45416384190321		
0.1941	0.0670385658740997		
0.1942	-0.32561707124114		
0.1943	-0.70721198618412		
0.1944	-1.07221581786871		
0.1945	-1.40403748303652		
0.1946	-1.69714662060142		
0.1947	-1.95707359164953		
0.1948	-2.16722731292248		
0.1949	-2.31654706224799		
0.195	-2.42162392288446		
0.1951	-2.46586681157351		
0.1952	-2.42715428397059		
0.1953	-2.32207742333412		
0.1954	-2.17828803509474		
0.1955	-1.97366467490792		
0.1956	-1.71926806494594		
0.1957	-1.43168928846717		
0.1958	-1.11645870655775		
0.1959	-0.768045958131552		
0.196	-0.403042126446962		
0.1961	-0.0269775725901127		
0.1962	0.343556620180607		
0.1963	0.708560451865196		
0.1964	1.06250356137753		
0.1965	1.38326450437307		
0.1966	1.67084328085184		
0.1967	1.93077025189996		
0.1968	2.1409239731729		
0.1969	2.29577408358455		
0.197	2.41744202747941		
0.1971	2.47827599942684		
0.1972	2.47827599942684		
0.1973	2.40638130530715		
0.1974	2.28471336141229		
0.1975	2.12986325100064		
0.1976	1.91417916864157		
0.1977	1.65425219759345		
0.1978	1.36667342111468		
0.1979	1.0569732002914		
0.198	0.714090812951326		
0.1981	0.354617342352867		
0.1982	-0.00485612824559212		
0.1983	-0.364329598844051		
0.1984	-0.71827270835638		
0.1985	-1.05562473461032		
0.1986	-1.36532495543361		
0.1987	-1.64184300974011		
0.1988	-1.89070925861597		
0.1989	-2.10086297988892		
0.199	-2.25571309030056		
0.1991	-2.37738103419542		
0.1992	-2.44927572831511		
0.1993	-2.46033645048738		
0.1994	-2.4105632007122		
0.1995	-2.2999559789896		
0.1996	-2.16722731292248		
0.1997	-1.97919503599405		
0.1998	-1.74691987037659		
0.1999	-1.4925232604146		
