Temps	V1	Fréquence	S_Amplitude{2}
0	-0.296962096297648	0	0
4E-7	-0.292197192495223	1111.33376986994	0.0141521021532434
8E-7	-0.285049836791586	2222.66753973988	0.0161158622001746
1.2E-6	-0.274924416211434	3334.00130960983	0.0255714658769274
1.6E-6	-0.264798995631281	4445.33507947977	0.387165792357327
2E-6	-0.259438478853554	5556.66884934971	0.384810925380926
2.4E-6	-0.25109989719931	6668.00261921965	0.0221381890999282
2.8E-6	-0.241570089594461	7779.3363890896	0.0113296423123561
3.2E-6	-0.233827120915521	8890.67015895954	0.00728616358998601
3.6E-6	-0.225488539261278	10002.0039288295	0.00637889704924397
4E-6	-0.215958731656428	11113.3376986994	0.00481989181895556
4.4E-6	-0.210598214878701	12224.6714685694	0.00409528642222263
4.8E-6	-0.201664020249154	13336.0052384393	0
5.2E-6	-0.191538599669002		
5.6E-6	-0.184391243965365		
6E-6	-0.174861436360516		
6.4E-6	-0.167714080656879		
6.8E-6	-0.158779886027332		
7.2E-6	-0.146867626521271		
7.6E-6	-0.139720270817634		
8E-6	-0.131977302138694		
8.4E-6	-0.124829946435057		
8.8E-6	-0.117086977756117		
9.2E-6	-0.104579105274752		
9.6E-6	-0.0986229755217209		
1E-5	-0.0902843938674778		
1.04E-5	-0.0795633603120223		
1.08E-5	-0.0724160046083853		
1.12E-5	-0.0640774229541421		
1.16E-5	-0.0545476153492928		
1.2E-5	-0.0432309688185342		
1.24E-5	-0.0354880001395941		
1.28E-5	-0.0295318703865632		
1.32E-5	-0.0194064498064108		
1.36E-5	-0.00987664220156148		
1.4E-5	-0.000942447572015226		
1.44E-5	0.0103741989587434		
1.48E-5	0.0163303287117742		
1.52E-5	0.0264557492919266		
1.56E-5	0.0347943309461698		
1.6E-5	0.0455153645016253		
1.64E-5	0.0544495591311716		
1.68E-5	0.0592144629335962		
1.72E-5	0.0699354964890517		
1.76E-5	0.0818477559951134		
1.8E-5	0.0872082727728412		
1.84E-5	0.0973336933529936		
1.88E-5	0.10626788798254		
1.92E-5	0.112819630710874		
1.96E-5	0.124731890216935		
2E-5	0.132474858895876		
2.04E-5	0.143791505426634		
2.08E-5	0.151534474105574		
2.12E-5	0.158681829809211		
2.16E-5	0.169402863364667		
2.2E-5	0.179528283944819		
2.24E-5	0.187271252623759		
2.28E-5	0.195014221302699		
2.32E-5	0.203948415932246		
2.36E-5	0.211691384611186		
2.4E-5	0.222412418166641		
2.44E-5	0.230155386845581		
2.48E-5	0.237898355524521		
2.52E-5	0.246832550154068		
2.56E-5	0.257553583709523		
2.6E-5	0.265892165363766		
2.64E-5	0.2724439080921		
2.68E-5	0.279591263795737		
2.72E-5	0.28971668437589		
2.76E-5	0.29745965305483		
2.8E-5	0.305798234709073		
2.84E-5	0.314732429338619		
2.88E-5	0.322475398017559		
2.92E-5	0.331409592647105		
2.96E-5	0.339152561326046		
3E-5	0.348086755955592		
3.04E-5	0.354042885708623		
3.08E-5	0.363572693313472		
3.12E-5	0.373102500918321		
3.16E-5	0.379058630671352		
3.2E-5	0.388588438276201		
3.24E-5	0.396331406955142		
3.28E-5	0.402883149683476		
3.32E-5	0.410030505387113		
3.36E-5	0.418369087041356		
3.4E-5	0.424325216794386		
3.44E-5	0.431472572498023		
3.48E-5	0.44040676712757		
3.52E-5	0.447554122831207		
3.56E-5	0.454105865559541		
3.6E-5	0.458870769361965		
3.64E-5	0.467209351016209		
3.68E-5	0.474356706719846		
3.72E-5	0.482099675398786		
3.76E-5	0.489842644077726		
3.8E-5	0.495798773830757		
3.84E-5	0.503541742509697		
3.88E-5	0.507115420361515		
3.92E-5	0.516645227966364		
3.96E-5	0.524388196645305		
4E-5	0.534513617225457		
4.04E-5	0.538087295077275		
4.08E-5	0.544639037805609		
4.12E-5	0.549999554583337		
4.16E-5	0.55833813623758		
4.2E-5	0.563103040040005		
4.24E-5	0.570250395743642		
4.28E-5	0.576206525496673		
4.32E-5	0.583949494175613		
4.36E-5	0.586927559052128		
4.4E-5	0.594670527731068		
4.44E-5	0.59883981855819		
4.48E-5	0.608369626163039		
4.52E-5	0.610752078064252		
4.56E-5	0.614921368891373		
4.6E-5	0.619686272693798		
4.64E-5	0.624451176496223		
4.68E-5	0.634576597076375		
4.72E-5	0.636959048977587		
4.76E-5	0.638745887903497		
4.8E-5	0.646488856582437		
4.84E-5	0.651253760384861		
4.88E-5	0.65482743823668		
4.92E-5	0.660783567989711		
4.96E-5	0.661379180965014		
5E-5	0.667335310718045		
5.04E-5	0.67031337559456		
5.08E-5	0.675078279396985		
5.12E-5	0.6780563442735		
5.16E-5	0.684608087001834		
5.2E-5	0.684608087001834		
5.24E-5	0.689968603779562		
5.28E-5	0.694733507581986		
5.32E-5	0.700094024359714		
5.36E-5	0.702476476260927		
5.4E-5	0.70307208923623		
5.44E-5	0.707241380063351		
5.48E-5	0.710219444939867		
5.52E-5	0.71081505791517		
5.56E-5	0.71855802659411		
5.6E-5	0.722727317421231		
5.64E-5	0.721536091470625		
5.68E-5	0.726896608248353		
5.72E-5	0.732257125026081		
5.76E-5	0.731065899075475		
5.8E-5	0.733448350976687		
5.84E-5	0.738213254779112		
5.88E-5	0.738808867754415		
5.92E-5	0.739404480729718		
5.96E-5	0.743573771556839		
6E-5	0.742978158581536		
6.04E-5	0.745360610482749		
6.08E-5	0.747743062383961		
6.12E-5	0.748934288334567		
6.16E-5	0.750125514285173		
6.2E-5	0.751912353211082		
6.24E-5	0.752507966186386		
6.28E-5	0.754294805112295		
6.32E-5	0.753103579161689		
6.36E-5	0.755486031062901		
6.4E-5	0.756081644038204		
6.44E-5	0.755486031062901		
6.48E-5	0.753103579161689		
6.52E-5	0.754294805112295		
6.56E-5	0.755486031062901		
6.6E-5	0.755486031062901		
6.64E-5	0.753699192136992		
6.68E-5	0.751912353211082		
6.72E-5	0.752507966186386		
6.76E-5	0.74952990130987		
6.8E-5	0.751316740235779		
6.84E-5	0.74952990130987		
6.88E-5	0.746551836433355		
6.92E-5	0.745360610482749		
6.96E-5	0.744169384532142		
7E-5	0.739404480729718		
7.04E-5	0.739404480729718		
7.08E-5	0.734639576927293		
7.12E-5	0.734639576927293		
7.16E-5	0.732257125026081		
7.2E-5	0.728087834198959		
7.24E-5	0.722727317421231		
7.28E-5	0.721536091470625		
7.32E-5	0.717962413618807		
7.36E-5	0.714984348742291		
7.4E-5	0.712006283865776		
7.44E-5	0.710219444939867		
7.48E-5	0.706645767088048		
7.52E-5	0.705454541137442		
7.56E-5	0.699498411384411		
7.6E-5	0.697711572458502		
7.64E-5	0.69354228163138		
7.68E-5	0.686990538903046		
7.72E-5	0.685203699977137		
7.76E-5	0.681630022125319		
7.8E-5	0.678651957248803		
7.84E-5	0.673887053446378		
7.88E-5	0.67031337559456		
7.92E-5	0.665548471792135		
7.96E-5	0.66257040691562		
8E-5	0.657209890137892		
8.04E-5	0.652444986335468		
8.08E-5	0.646488856582437		
8.12E-5	0.641723952780012		
8.16E-5	0.638150274928194		
8.2E-5	0.63159853219986		
8.24E-5	0.628024854348041		
8.28E-5	0.62206872459501		
8.32E-5	0.614921368891373		
8.36E-5	0.610156465088949		
8.4E-5	0.604200335335918		
8.44E-5	0.599435431533493		
8.48E-5	0.595861753681675		
8.52E-5	0.587523172027431		
8.56E-5	0.577397751447279		
8.6E-5	0.57382407359546		
8.64E-5	0.569059169793036		
8.68E-5	0.561911814089399		
8.72E-5	0.555360071361065		
8.76E-5	0.545830263756216		
8.8E-5	0.540469746978488		
8.84E-5	0.533918004250154		
8.88E-5	0.526770648546517		
8.92E-5	0.523196970694698		
8.96E-5	0.516049614991061		
9E-5	0.508306646312121		
9.04E-5	0.499968064657878		
9.08E-5	0.491629483003635		
9.12E-5	0.486268966225907		
9.16E-5	0.479717223497573		
9.2E-5	0.471974254818633		
9.24E-5	0.466018125065602		
9.28E-5	0.456488317460753		
9.32E-5	0.449340961757116		
9.36E-5	0.442789219028782		
9.4E-5	0.431472572498023		
9.44E-5	0.427303281670902		
9.48E-5	0.418369087041356		
9.52E-5	0.410626118362416		
9.56E-5	0.402883149683476		
9.6E-5	0.393353342078626		
9.64E-5	0.385610373399686		
9.68E-5	0.378463017696049		
9.72E-5	0.36714637116529		
9.76E-5	0.35940340248635		
9.8E-5	0.355829724634532		
9.84E-5	0.343321852153167		
9.88E-5	0.333792044548318		
9.92E-5	0.327240301819984		
9.96E-5	0.316519268264528		
0.0001	0.311158751486801		
0.0001004	0.301628943881951		
0.0001008	0.28971668437589		
0.0001012	0.28197371569695		
0.0001016	0.2724439080921		
0.000102	0.265892165363766		
0.0001024	0.254575518833008		
0.0001028	0.247428163129371		
0.0001032	0.237898355524521		
0.0001036	0.226581708993763		
0.000104	0.21824312733952		
0.0001044	0.20871331973467		
0.0001048	0.195609834278002		
0.0001052	0.190249317500275		
0.0001056	0.181315122870728		
0.000106	0.16999847633997		
0.0001064	0.161659894685727		
0.0001068	0.151534474105574		
0.0001072	0.141409053525422		
0.0001076	0.130092406994663		
0.000108	0.123540664266329		
0.0001084	0.110437178809661		
0.0001088	0.103289823106024		
0.0001092	0.0919731765752658		
0.0001096	0.0824433689704165		
0.00011	0.0723179483902641		
0.0001104	0.0669574316125363		
0.0001108	0.0550451721064746		
0.0001112	0.0425372996251099		
0.0001116	0.0347943309461698		
0.000112	0.0240732973907143		
0.0001124	0.015139102761168		
0.0001128	0.00620490813162178		
0.0001132	-0.00392051244853064		
0.0001136	-0.0122590941027738		
0.000114	-0.0259581925347447		
0.0001144	-0.0342967741889879		
0.0001148	-0.0438265817938372		
0.0001152	-0.0545476153492928		
0.0001156	-0.0640774229541421		
0.000116	-0.0718203916330822		
0.0001164	-0.0837326511391439		
0.0001168	-0.0932624587439932		
0.0001172	-0.101601040398236		
0.0001176	-0.114108912879601		
0.000118	-0.121256268583238		
0.0001184	-0.130190463212784		
0.0001188	-0.142102722718846		
0.0001192	-0.151632530323695		
0.0001196	-0.159375499002635		
0.00012	-0.169500919582788		
0.0001204	-0.180817566113546		
0.0001208	-0.191538599669002		
0.0001212	-0.199877181323245		
0.0001216	-0.207024537026882		
0.000122	-0.217149957607035		
0.0001224	-0.229062217113096		
0.0001228	-0.237400798767339		
0.0001232	-0.248121832322795		
0.0001236	-0.257651639927644		
0.000124	-0.267181447532494		
0.0001244	-0.275520029186737		
0.0001248	-0.284454223816283		
0.0001252	-0.294579644396435		
0.0001256	-0.305300677951891		
0.000126	-0.31483048555674		
0.0001264	-0.321977841260377		
0.0001268	-0.330912035889924		
0.0001272	-0.341633069445379		
0.0001276	-0.351162877050228		
0.000128	-0.359501458704472		
0.0001284	-0.369031266309321		
0.0001288	-0.376178622012958		
0.0001292	-0.383921590691898		
0.0001296	-0.390473333420232		
0.00013	-0.4035768188769		
0.0001304	-0.411915400531143		
0.0001308	-0.420253982185386		
0.0001312	-0.42680572491372		
0.0001316	-0.432761854666751		
0.000132	-0.444078501197509		
0.0001324	-0.451225856901146		
0.0001328	-0.461351277481299		
0.0001332	-0.469094246160239		
0.0001336	-0.47505037591327		
0.000134	-0.48279334459221		
0.0001344	-0.492918765172362		
0.0001348	-0.49827928195009		
0.0001352	-0.504235411703121		
0.0001356	-0.516147671209183		
0.000136	-0.522699413937516		
0.0001364	-0.532229221542366		
0.0001368	-0.537589738320094		
0.0001372	-0.545332706999034		
0.0001376	-0.551884449727368		
0.000138	-0.559031805431005		
0.0001384	-0.565583548159339		
0.0001388	-0.573326516838279		
0.0001392	-0.581069485517219		
0.0001396	-0.58702561527025		
0.00014	-0.591790519072674		
0.0001404	-0.60072471370222		
0.0001408	-0.607872069405858		
0.0001412	-0.61799748998601		
0.0001416	-0.621571167837828		
0.000142	-0.628718523541465		
0.0001424	-0.632887814368587		
0.0001428	-0.640035170072224		
0.0001432	-0.646586912800558		
0.0001436	-0.650756203627679		
0.000144	-0.660286011232529		
0.0001444	-0.665646528010257		
0.0001448	-0.671602657763287		
0.0001452	-0.675176335615106		
0.0001456	-0.681132465368137		
0.000146	-0.685897369170561		
0.0001464	-0.694831563800108		
0.0001468	-0.699596467602532		
0.0001472	-0.703170145454351		
0.0001476	-0.706148210330866		
0.000148	-0.709126275207382		
0.0001484	-0.713295566034503		
0.0001488	-0.721634147688746		
0.0001492	-0.72222976066405		
0.0001496	-0.726994664466474		
0.00015	-0.734142020170111		
0.0001504	-0.735333246120717		
0.0001508	-0.740693762898445		
0.0001512	-0.743671827774961		
0.0001516	-0.746054279676173		
0.000152	-0.752010409429204		
0.0001524	-0.753797248355113		
0.0001528	-0.759157765132841		
0.0001532	-0.764518281910568		
0.0001536	-0.765709507861175		
0.000154	-0.768091959762387		
0.0001544	-0.771070024638902		
0.0001548	-0.773452476540115		
0.0001552	-0.778217380342539		
0.0001556	-0.781791058194358		
0.000156	-0.783577897120267		
0.0001564	-0.786555961996783		
0.0001568	-0.788938413897995		
0.0001572	-0.792512091749813		
0.0001576	-0.793107704725117		
0.000158	-0.796681382576935		
0.0001584	-0.799063834478147		
0.0001588	-0.797276995552238		
0.0001592	-0.80144628637936		
0.0001596	-0.805615577206481		
0.00016	-0.804424351255875		
0.0001604	-0.8091892550583		
0.0001608	-0.805019964231178		
0.0001612	-0.810380481008906		
0.0001616	-0.807998029107694		
0.000162	-0.810380481008906		
0.0001624	-0.810380481008906		
0.0001628	-0.812762932910118		
0.0001632	-0.809784868033603		
0.0001636	-0.812762932910118		
0.000164	-0.810976093984209		
0.0001644	-0.810380481008906		
0.0001648	-0.810380481008906		
0.0001652	-0.812167319934815		
0.0001656	-0.809784868033603		
0.000166	-0.8091892550583		
0.0001664	-0.807402416132391		
0.0001668	-0.807998029107694		
0.0001672	-0.805615577206481		
0.0001676	-0.805019964231178		
0.000168	-0.805019964231178		
0.0001684	-0.802637512329966		
0.0001688	-0.80144628637936		
0.0001692	-0.795490156626329		
0.0001696	-0.794298930675723		
0.00017	-0.793107704725117		
0.0001704	-0.79191647877451		
0.0001708	-0.79191647877451		
0.0001712	-0.785364736046176		
0.0001716	-0.782386671169661		
0.000172	-0.780599832243752		
0.0001724	-0.777621767367236		
0.0001728	-0.774643702490721		
0.0001732	-0.76868757273769		
0.0001736	-0.767496346787084		
0.000174	-0.765113894885872		
0.0001744	-0.759753378108144		
0.0001748	-0.755584087281022		
0.0001752	-0.754988474305719		
0.0001756	-0.750819183478598		
0.000176	-0.746054279676173		
0.0001764	-0.741884988849051		
0.0001768	-0.73771569802193		
0.0001772	-0.734142020170111		
0.0001776	-0.729377116367687		
0.000178	-0.725207825540565		
0.0001784	-0.719847308762837		
0.0001788	-0.715082404960413		
0.0001792	-0.713295566034503		
0.0001796	-0.706743823306169		
0.00018	-0.701978919503745		
0.0001804	-0.698405241651926		
0.0001808	-0.692449111898895		
0.0001812	-0.687684208096471		
0.0001816	-0.682323691318743		
0.000182	-0.677558787516318		
0.0001824	-0.67219827073859		
0.0001828	-0.663859689084347		
0.0001832	-0.657307946356013		
0.0001836	-0.652543042553589		
0.000184	-0.647182525775861		
0.0001844	-0.640035170072224		
0.0001848	-0.635865879245102		
0.0001852	-0.626336071640253		
0.0001856	-0.622762393788435		
0.000186	-0.614423812134191		
0.0001864	-0.606085230479948		
0.0001868	-0.601320326677524		
0.0001872	-0.59298174502328		
0.0001876	-0.586430002294946		
0.000188	-0.578687033616006		
0.0001884	-0.575113355764188		
0.0001888	-0.566179161134642		
0.0001892	-0.559031805431005		
0.0001896	-0.550693223776761		
0.00019	-0.54652393294964		
0.0001904	-0.536994125344791		
0.0001908	-0.528655543690547		
0.0001912	-0.522103800962213		
0.0001916	-0.516147671209183		
0.000192	-0.50602225062903		
0.0001924	-0.496492443024181		
0.0001928	-0.49053631327115		
0.0001932	-0.48279334459221		
0.0001936	-0.475645988888573		
0.000194	-0.466711794259027		
0.0001944	-0.458968825580087		
0.0001948	-0.450630243925843		
0.0001952	-0.441100436320994		
0.0001956	-0.43454869359266		
0.000196	-0.425614498963114		
0.0001964	-0.414893465407658		
0.0001968	-0.41131978755584		
0.0001972	-0.400003141025081		
0.0001976	-0.389282107469626		
0.000198	-0.382134751765989		
0.0001984	-0.375583009037655		
0.0001988	-0.364266362506896		
0.0001992	-0.357714619778562		
0.0001996	-0.348780425149016		
0.0002	-0.338059391593561		
0.0002004	-0.329125196964014		
0.0002008	-0.321977841260377		
0.0002012	-0.30887435580371		
0.0002016	-0.301727000100072		
0.000202	-0.292792805470526		
0.0002024	-0.281476158939768		
0.0002028	-0.274924416211434		
0.0002032	-0.263607769680675		
0.0002036	-0.25288673612522		
0.000204	-0.24514376744628		
0.0002044	-0.23561395984143		
0.0002048	-0.225488539261278		
0.0002052	-0.215363118681125		
0.0002056	-0.20464208512567		
0.000206	-0.19689911644673		
0.0002064	-0.18736930884188		
0.0002068	-0.178435114212334		
0.0002072	-0.167714080656879		
0.0002076	-0.159375499002635		
0.000208	-0.146867626521271		
0.0002084	-0.136146592965815		
0.0002088	-0.126616785360966		
0.0002092	-0.119469429657329		
0.0002096	-0.10993962205248		
0.00021	-0.099218588497024		
0.0002104	-0.0873063289909624		
0.0002108	-0.0795633603120223		
0.0002112	-0.070629165682476		
0.0002116	-0.0605037451023236		
0.000212	-0.049187098571565		
0.0002124	-0.0378704520408064		
0.0002128	-0.0325099352630787		
0.0002132	-0.020597675757017		
0.0002136	-0.0104722551768646		
0.000214	-0.000942447572015226		
0.0002144	0.0091829730081372		
0.0002148	0.0187127806129865		
0.0002152	0.0276469752425328		
0.0002156	0.0383680087979883		
0.000216	0.0496846553287469		
0.0002164	0.0598100759088993		
0.0002168	0.0687442705384456		
0.0002172	0.0752960132667795		
0.0002176	0.0878038857481442		
0.000218	0.0979293063282967		
0.0002184	0.10626788798254		
0.0002188	0.117584534513298		
0.0002192	0.130092406994663		
0.0002196	0.135452923772391		
0.00022	0.149152022204362		
0.0002204	0.153321313031483		
0.0002208	0.163446733611636		
0.0002212	0.171189702290576		
0.0002216	0.182506348821335		
0.000222	0.192631769401487		
0.0002224	0.202161577006336		
0.0002228	0.210500158660579		
0.0002232	0.220625579240732		
0.0002236	0.231346612796187		
0.000224	0.238493968499824		
0.0002244	0.24921500205528		
0.0002248	0.254575518833008		
0.0002252	0.266487778339069		
0.0002256	0.278400037845131		
0.000226	0.282569328672253		
0.0002264	0.296268427104223		
0.0002268	0.304607008758467		
0.0002272	0.315923655289225		
0.0002276	0.32068855909165		
0.000228	0.330218366696499		
0.0002284	0.33617449644953		
0.0002288	0.346895530004986		
0.0002292	0.354638498683926		
0.0002296	0.362381467362866		
0.00023	0.371911274967715		
0.0002304	0.379654243646655		
0.0002308	0.390970890177414		
0.0002312	0.395140181004535		
0.0002316	0.404074375634082		
0.000232	0.411817344313022		
0.0002324	0.421347151917871		
0.0002328	0.426112055720296		
0.0002332	0.434450637374539		
0.0002336	0.442193606053479		
0.000234	0.448745348781813		
0.0002344	0.458275156386662		
0.0002348	0.464826899114996		
0.0002352	0.473761093744542		
0.0002356	0.477930384571664		
0.000236	0.484482127299998		
0.0002364	0.49639438680606		
0.0002368	0.501159290608484		
0.0002372	0.506519807386212		
0.0002376	0.514858389040455		
0.000238	0.522601357719395		
0.0002384	0.52736626152182		
0.0002388	0.533918004250154		
0.0002392	0.542256585904397		
0.0002396	0.548212715657428		
0.00024	0.552977619459853		
0.0002404	0.563103040040005		
0.0002408	0.570250395743642		
0.0002412	0.573228460620157		
0.0002416	0.580971429299097		
0.000242	0.585736333101522		
0.0002424	0.59109684987925		
0.0002428	0.599435431533493		
0.0002432	0.604200335335918		
0.0002436	0.613134529965464		
0.000244	0.616708207817283		
0.0002444	0.620877498644404		
0.0002448	0.625642402446829		
0.0002452	0.631002919224557		
0.0002456	0.635172210051678		
0.000246	0.642915178730618		
0.0002464	0.650658147409558		
0.0002468	0.651253760384861		
0.0002472	0.65482743823668		
0.0002476	0.66257040691562		
0.000248	0.665548471792135		
0.0002484	0.668526536668651		
0.0002488	0.670908988569863		
0.0002492	0.675078279396985		
0.0002496	0.6780563442735		
0.00025	0.684012474026531		
0.0002504	0.688181764853653		
0.0002508	0.691755442705471		
0.0002512	0.692946668656077		
0.0002516	0.696520346507896		
0.000252	0.70128525031032		
0.0002524	0.702476476260927		
0.0002528	0.707241380063351		
0.0002532	0.709028218989261		
0.0002536	0.713793122791685		
0.000254	0.712601896841079		
0.0002544	0.71855802659411		
0.0002548	0.723322930396535		
0.0002552	0.721536091470625		
0.0002556	0.728683447174262		
0.000256	0.728087834198959		
0.0002564	0.729874673124868		
0.0002568	0.734639576927293		
0.0002572	0.735235189902596		
0.0002576	0.736426415853202		
0.000258	0.742978158581536		
0.0002584	0.741191319655627		
0.0002588	0.742978158581536		
0.0002592	0.743573771556839		
0.0002596	0.742978158581536		
0.00026	0.745956223458052		
0.0002604	0.747743062383961		
0.0002608	0.747147449408658		
0.0002612	0.746551836433355		
0.0002616	0.750125514285173		
0.000262	0.748934288334567		
0.0002624	0.751316740235779		
0.0002628	0.751316740235779		
0.0002632	0.747743062383961		
0.0002636	0.750721127260476		
0.000264	0.746551836433355		
0.0002644	0.748934288334567		
0.0002648	0.747147449408658		
0.0002652	0.747147449408658		
0.0002656	0.746551836433355		
0.000266	0.743573771556839		
0.0002664	0.744169384532142		
0.0002668	0.743573771556839		
0.0002672	0.740595706680324		
0.0002676	0.740000093705021		
0.000268	0.739404480729718		
0.0002684	0.733448350976687		
0.0002688	0.731661512050778		
0.0002692	0.728087834198959		
0.0002696	0.728087834198959		
0.00027	0.725109769322444		
0.0002704	0.719749252544716		
0.0002708	0.719153639569413		
0.0002712	0.715579961717594		
0.0002716	0.711410670890473		
0.000272	0.710219444939867		
0.0002724	0.706050154112745		
0.0002728	0.70128525031032		
0.0002732	0.698902798409108		
0.0002736	0.69532912055729		
0.000274	0.691159829730168		
0.0002744	0.690564216754865		
0.0002748	0.682821248075925		
0.0002752	0.680438796174712		
0.0002756	0.679843183199409		
0.000276	0.672100214520469		
0.0002764	0.672100214520469		
0.0002768	0.665548471792135		
0.0002772	0.661379180965014		
0.0002776	0.659592342039105		
0.000278	0.653636212286074		
0.0002784	0.649466921458952		
0.0002788	0.64708446955774		
0.0002792	0.638150274928194		
0.0002796	0.635767823026981		
0.00028	0.632194145175163		
0.0002804	0.626833628397435		
0.0002808	0.620877498644404		
0.0002812	0.615516981866676		
0.0002816	0.611347691039555		
0.000282	0.604200335335918		
0.0002824	0.597052979632281		
0.0002828	0.592883688805159		
0.0002832	0.588714397978038		
0.0002836	0.578588977397885		
0.000284	0.576206525496673		
0.0002844	0.566676717891823		
0.0002848	0.564889878965914		
0.0002852	0.557742523262277		
0.0002856	0.55059516755864		
0.000286	0.543447811855003		
0.0002864	0.537491682101972		
0.0002868	0.532131165324245		
0.0002872	0.525579422595911		
0.0002876	0.516049614991061		
0.000288	0.509497872262727		
0.0002884	0.504137355485		
0.0002888	0.498776838707272		
0.0002892	0.491033870028332		
0.0002896	0.482099675398786		
0.00029	0.473761093744542		
0.0002904	0.468400576966815		
0.0002908	0.461848834238481		
0.0002912	0.457083930436056		
0.0002916	0.449340961757116		
0.000292	0.441597993078176		
0.0002924	0.433259411423933		
0.0002928	0.423729603819083		
0.0002932	0.417773474066053		
0.0002936	0.414795409189537		
0.000294	0.402883149683476		
0.0002944	0.396927019930445		
0.0002948	0.389779664226808		
0.0002952	0.378463017696049		
0.0002956	0.373698113893624		
0.000296	0.364763919264078		
0.0002964	0.358807789511047		
0.0002968	0.350469207856804		
0.0002972	0.340343787276652		
0.0002976	0.336770109424833		
0.000298	0.323071010992862		
0.0002984	0.314136816363316		
0.0002988	0.309371912560891		
0.0002992	0.302224556857254		
0.0002996	0.290907910326496		
0.0003	0.282569328672253		
0.0003004	0.275421972968616		
0.0003008	0.265892165363766		
0.0003012	0.258744809660129		
0.0003016	0.248619389079977		
0.000302	0.24147203337634		
0.0003024	0.231346612796187		
0.0003028	0.22419925709255		
0.0003032	0.214073836512398		
0.0003036	0.205735254858155		
0.000304	0.199779125105124		
0.0003044	0.192036156426184		
0.0003048	0.179528283944819		
0.0003052	0.16999847633997		
0.0003056	0.162851120636333		
0.000306	0.155108151957393		
0.0003064	0.144387118401937		
0.0003068	0.136048536747694		
0.0003072	0.128901181044057		
0.0003076	0.118180147488602		
0.000308	0.110437178809661		
0.0003084	0.103289823106024		
0.0003088	0.093164402525872		
0.0003092	0.0824433689704165		
0.0003096	0.0747004002914764		
0.00031	0.0651705926866271		
0.0003104	0.0550451721064746		
0.0003108	0.0461109774769284		
0.0003112	0.0413460736745037		
0.0003116	0.0306250401190482		
0.000312	0.0210952325141989		
0.0003124	0.0133522638352588		
0.0003128	0.00620490813162178		
0.0003132	-0.00332489947322756		
0.0003136	-0.0146415460039862		
0.000314	-0.0211932887323201		
0.0003144	-0.0313187093124725		
0.0003148	-0.0396572909667157		
0.0003152	-0.0474002596456558		
0.0003156	-0.0569300672505051		
0.000316	-0.0640774229541421		
0.0003164	-0.0759896824602038		
0.0003168	-0.08492387708975		
0.0003172	-0.0926668457686901		
0.0003176	-0.0998142014723271		
0.000318	-0.10815278312657		
0.0003184	-0.116491364780813		
0.0003188	-0.126021172385663		
0.0003192	-0.135550979990512		
0.0003196	-0.142698335694149		
0.00032	-0.151632530323695		
0.0003204	-0.157588660076726		
0.0003208	-0.165927241730969		
0.0003212	-0.177243888261728		
0.0003216	-0.185582469915971		
0.000322	-0.194516664545517		
0.0003224	-0.204046472150367		
0.0003228	-0.208811375952791		
0.0003232	-0.217745570582338		
0.0003236	-0.224892926285975		
0.000324	-0.235018346866127		
0.0003244	-0.245739380421583		
0.0003248	-0.248717445298098		
0.0003252	-0.257056026952341		
0.0003256	-0.265990221581887		
0.000326	-0.273733190260828		
0.0003264	-0.282071771915071		
0.0003268	-0.290410353569314		
0.0003272	-0.296962096297648		
0.0003276	-0.306491903902497		
0.000328	-0.311256807704922		
0.0003284	-0.318404163408559		
0.0003288	-0.326742745062802		
0.0003292	-0.336272552667651		
0.0003296	-0.343419908371288		
0.00033	-0.348780425149016		
0.0003304	-0.354140941926744		
0.0003308	-0.362479523580987		
0.0003312	-0.369626879284624		
0.0003316	-0.374987396062352		
0.000332	-0.382730364741292		
0.0003324	-0.38809088151902		
0.0003328	-0.398811915074475		
0.0003332	-0.4035768188769		
0.0003336	-0.409532948629931		
0.000334	-0.415489078382961		
0.0003344	-0.423232047061902		
0.0003348	-0.429188176814932		
0.0003352	-0.433357467642054		
0.0003356	-0.437526758469176		
0.000336	-0.444674114172813		
0.0003364	-0.45182146987645		
0.0003368	-0.45777759962948		
0.0003372	-0.464329342357814		
0.0003376	-0.470285472110845		
0.000338	-0.47505037591327		
0.0003384	-0.481602118641604		
0.0003388	-0.491131926246453		
0.0003392	-0.491727539221756		
0.0003396	-0.499470507900696		
0.00034	-0.505426637653727		
0.0003404	-0.507809089554939		
0.0003408	-0.513169606332667		
0.0003412	-0.520316962036304		
0.0003416	-0.524486252863426		
0.000342	-0.532824834517669		
0.0003424	-0.534611673443578		
0.0003428	-0.539376577246003		
0.0003432	-0.543545868073124		
0.0003436	-0.549501997826155		
0.000344	-0.554862514603883		
0.0003444	-0.557840579480398		
0.0003448	-0.562605483282823		
0.0003452	-0.566179161134642		
0.0003456	-0.572135290887672		
0.000346	-0.573326516838279		
0.0003464	-0.579282646591309		
0.0003468	-0.581665098492522		
0.0003472	-0.583451937418431		
0.0003476	-0.587621228245553		
0.000348	-0.59476858394919		
0.0003484	-0.594172970973887		
0.0003488	-0.597151035850402		
0.0003492	-0.601915939652827		
0.0003496	-0.60251155262813		
0.00035	-0.606680843455251		
0.0003504	-0.611445747257676		
0.0003508	-0.610850134282373		
0.0003512	-0.616806264035404		
0.0003516	-0.61799748998601		
0.000352	-0.622762393788435		
0.0003524	-0.620975554862525		
0.0003528	-0.62574045866495		
0.0003532	-0.628122910566162		
0.0003536	-0.630505362467375		
0.000354	-0.635865879245102		
0.0003544	-0.634674653294496		
0.0003548	-0.635865879245102		
0.0003552	-0.637652718171012		
0.0003556	-0.641822008998133		
0.000356	-0.642417621973436		
0.0003564	-0.644204460899346		
0.0003568	-0.647778138751164		
0.0003572	-0.646586912800558		
0.0003576	-0.646586912800558		
0.000358	-0.650756203627679		
0.0003584	-0.650160590652376		
0.0003588	-0.650756203627679		
0.0003592	-0.651351816602983		
0.0003596	-0.651351816602983		
0.00036	-0.654329881479498		
0.0003604	-0.653734268504195		
0.0003608	-0.655521107430104		
0.0003612	-0.653734268504195		
0.0003616	-0.653734268504195		
0.000362	-0.653138655528892		
0.0003624	-0.653138655528892		
0.0003628	-0.656116720405407		
0.0003632	-0.652543042553589		
0.0003636	-0.655521107430104		
0.000364	-0.652543042553589		
0.0003644	-0.651947429578286		
0.0003648	-0.648373751726467		
0.0003652	-0.650160590652376		
0.0003656	-0.648373751726467		
0.000366	-0.647182525775861		
0.0003664	-0.646586912800558		
0.0003668	-0.643608847924042		
0.0003672	-0.642417621973436		
0.0003676	-0.643608847924042		
0.000368	-0.637057105195709		
0.0003684	-0.638248331146315		
0.0003688	-0.635270266269799		
0.0003692	-0.63348342734389		
0.0003696	-0.629909749492072		
0.00037	-0.627527297590859		
0.0003704	-0.626931684615556		
0.0003708	-0.62574045866495		
0.0003712	-0.620379941887222		
0.0003716	-0.616806264035404		
0.000372	-0.613828199158888		
0.0003724	-0.610850134282373		
0.0003728	-0.609063295356464		
0.0003732	-0.606680843455251		
0.0003736	-0.601320326677524		
0.000374	-0.599533487751614		
0.0003744	-0.59476858394919		
0.0003748	-0.59476858394919		
0.0003752	-0.591790519072674		
0.0003756	-0.585834389319643		
0.000376	-0.582856324443128		
0.0003764	-0.581665098492522		
0.0003768	-0.573922129813582		
0.0003772	-0.571539677912369		
0.0003776	-0.569157226011157		
0.000378	-0.565583548159339		
0.0003784	-0.559627418406308		
0.0003788	-0.558436192455702		
0.0003792	-0.553075675677974		
0.0003796	-0.550097610801458		
0.00038	-0.542950255097821		
0.0003804	-0.539972190221306		
0.0003808	-0.535207286418881		
0.0003812	-0.530442382616457		
0.0003816	-0.525677478814032		
0.000382	-0.519721349061001		
0.0003824	-0.516743284184486		
0.0003828	-0.511978380382061		
0.0003832	-0.507213476579636		
0.0003836	-0.498874894925393		
0.000384	-0.497088055999484		
0.0003844	-0.49053631327115		
0.0003848	-0.487558248394635		
0.0003852	-0.479815279715694		
0.0003856	-0.474454762937967		
0.000386	-0.467903020209633		
0.0003864	-0.463138116407208		
0.0003868	-0.457181986654177		
0.0003872	-0.453608308802359		
0.0003876	-0.445865340123419		
0.000388	-0.439909210370388		
0.0003884	-0.433953080617357		
0.0003888	-0.427996950864326		
0.0003892	-0.424423273012508		
0.0003896	-0.416680304333568		
0.00039	-0.41131978755584		
0.0003904	-0.405363657802809		
0.0003908	-0.397620689123869		
0.0003912	-0.392855785321444		
0.0003916	-0.389282107469626		
0.000392	-0.380347912840079		
0.0003924	-0.376178622012958		
0.0003928	-0.367840040358715		
0.0003932	-0.36307513655629		
0.0003936	-0.356523393827956		
0.000394	-0.34758919919841		
0.0003944	-0.341037456470076		
0.0003948	-0.337463778618257		
0.0003952	-0.330912035889924		
0.0003956	-0.324955906136893		
0.000396	-0.318404163408559		
0.0003964	-0.310065581754316		
0.0003968	-0.305896290927194		
0.0003972	-0.298748935223557		
0.0003976	-0.291005966544617		
0.000398	-0.284454223816283		
0.0003984	-0.277306868112646		
0.0003988	-0.271946351334918		
0.0003992	-0.26062970480416		
0.0003996	-0.257056026952341		
0.0004	-0.249908671248704		
0.0004004	-0.240974476619158		
0.0004008	-0.233827120915521		
0.0004012	-0.229657830088399		
0.0004016	-0.223106087360065		
0.000402	-0.217149957607035		
0.0004024	-0.207620150002185		
0.0004028	-0.199281568347942		
0.0004032	-0.193325438594911		
0.0004036	-0.185582469915971		
0.000404	-0.178435114212334		
0.0004044	-0.171883371484		
0.0004048	-0.162949176854454		
0.0004052	-0.157588660076726		
0.0004056	-0.149845691397786		
0.000406	-0.143889561644755		
0.0004064	-0.134955367015209		
0.0004068	-0.128999237262178		
0.0004072	-0.12363872048445		
0.0004076	-0.114108912879601		
0.000408	-0.106365944200661		
0.0004084	-0.101601040398236		
0.0004088	-0.0938580717192963		
0.0004092	-0.0867107160156593		
0.0004096	-0.0789677473367192		
0.00041	-0.070629165682476		
0.0004104	-0.0646730359294452		
0.0004108	-0.056334454275202		
0.0004112	-0.0503783245221712		
0.0004116	-0.0414441298926249		
0.000412	-0.0366792260902002		
0.0004124	-0.0307230963371694		
0.0004128	-0.0211932887323201		
0.0004132	-0.0164283849298954		
0.0004136	-0.00689857732504606		
0.000414	-0.000346834596712142		
0.0004144	0.00560929515631869		
0.0004148	0.0133522638352588		
0.0004152	0.0204996195388958		
0.0004156	0.0270513622672297		
0.000416	0.0336031049955636		
0.0004164	0.0401548477238975		
0.0004168	0.0473022034275346		
0.0004172	0.0538539461558685		
0.0004176	0.0633837537607178		
0.000418	0.0681486575631425		
0.0004184	0.0758916262420826		
0.0004188	0.0824433689704165		
0.0004192	0.0883994987234473		
0.0004196	0.0937600155011751		
0.00042	0.0997161452542059		
0.0004204	0.106863500957843		
0.0004208	0.11401085666148		
0.0004212	0.118180147488602		
0.0004216	0.127709955093451		
0.000422	0.132474858895876		
0.0004224	0.140813440550119		
0.0004228	0.144387118401937		
0.0004232	0.155108151957393		
0.0004236	0.158086216833908		
0.000424	0.164637959562242		
0.0004244	0.171189702290576		
0.0004248	0.178337057994213		
0.0004252	0.182506348821335		
0.0004256	0.191440543450881		
0.000426	0.196205447253305		
0.0004264	0.203352802956942		
0.0004268	0.208117706759367		
0.0004272	0.212882610561792		
0.0004276	0.220029966265429		
0.000428	0.223008031141944		
0.0004284	0.229559773870278		
0.0004288	0.239685194450431		
0.0004292	0.243854485277552		
0.0004296	0.249810615030583		
0.00043	0.254575518833008		
0.0004304	0.255766744783614		
0.0004308	0.265296552388463		
0.0004312	0.267679004289675		
0.0004316	0.271848295116797		
0.000432	0.278995650820434		
0.0004324	0.28197371569695		
0.0004328	0.28971668437589		
0.0004332	0.293885975203011		
0.0004336	0.298650879005436		
0.000434	0.305798234709073		
0.0004344	0.310563138511498		
0.0004348	0.312349977437407		
0.0004352	0.315923655289225		
0.0004356	0.323071010992862		
0.000436	0.329027140745893		
0.0004364	0.331409592647105		
0.0004368	0.333196431573015		
0.0004372	0.340939400251955		
0.0004376	0.34391746512847		
0.000438	0.348682368930895		
0.0004384	0.35166043380741		
0.0004388	0.354042885708623		
0.0004392	0.35940340248635		
0.0004396	0.368337597115897		
0.00044	0.369528823066503		
0.0004404	0.371911274967715		
0.0004408	0.377271791745443		
0.0004412	0.380249856621958		
0.0004416	0.38441914744908		
0.000442	0.386205986374989		
0.0004424	0.392757729103323		
0.0004428	0.394544568029232		
0.0004432	0.396331406955142		
0.0004436	0.402883149683476		
0.000444	0.405861214559991		
0.0004444	0.409434892411809		
0.0004448	0.410030505387113		
0.0004452	0.41539102216484		
0.0004456	0.417773474066053		
0.000446	0.420155925967265		
0.0004464	0.420155925967265		
0.0004468	0.42492082976969		
0.0004472	0.429090120596811		
0.0004476	0.427898894646205		
0.000448	0.431472572498023		
0.0004484	0.435046250349842		
0.0004488	0.434450637374539		
0.0004492	0.436833089275751		
0.0004496	0.439811154152267		
0.00045	0.44040676712757		
0.0004504	0.441002380102873		
0.0004508	0.445767283905298		
0.0004512	0.446362896880601		
0.0004516	0.447554122831207		
0.000452	0.448745348781813		
0.0004524	0.452914639608935		
0.0004528	0.454105865559541		
0.0004532	0.454105865559541		
0.0004536	0.456488317460753		
0.000454	0.458870769361965		
0.0004544	0.458870769361965		
0.0004548	0.460061995312572		
0.0004552	0.461253221263178		
0.0004556	0.461253221263178		
0.000456	0.461848834238481		
0.0004564	0.464231286139693		
0.0004568	0.467209351016209		
0.0004572	0.46363567316439		
0.0004576	0.467804963991512		
0.000458	0.466018125065602		
0.0004584	0.467209351016209		
0.0004588	0.467804963991512		
0.0004592	0.468400576966815		
0.0004596	0.468400576966815		
0.00046	0.467804963991512		
0.0004604	0.467209351016209		
0.0004608	0.470783028868027		
0.0004612	0.467804963991512		
0.0004616	0.469591802917421		
0.000462	0.468400576966815		
0.0004624	0.467804963991512		
0.0004628	0.469591802917421		
0.0004632	0.467804963991512		
0.0004636	0.466018125065602		
0.000464	0.467804963991512		
0.0004644	0.46363567316439		
0.0004648	0.464826899114996		
0.0004652	0.461848834238481		
0.0004656	0.461253221263178		
0.000466	0.458275156386662		
0.0004664	0.459466382337268		
0.0004668	0.460061995312572		
0.0004672	0.455297091510147		
0.0004676	0.454105865559541		
0.000468	0.451723413658328		
0.0004684	0.447554122831207		
0.0004688	0.447554122831207		
0.0004692	0.446958509855904		
0.0004696	0.443384832004085		
0.00047	0.439811154152267		
0.0004704	0.441002380102873		
0.0004708	0.436237476300448		
0.0004712	0.433259411423933		
0.0004716	0.429685733572114		
0.000472	0.43087695952272		
0.0004724	0.426707668695599		
0.0004728	0.425516442744993		
0.0004732	0.420751538942568		
0.0004736	0.41717786109075		
0.000474	0.41717786109075		
0.0004744	0.414795409189537		
0.0004748	0.408839279436506		
0.0004752	0.4076480534859		
0.0004756	0.408839279436506		
0.000476	0.402287536708172		
0.0004764	0.400500697782263		
0.0004768	0.398713858856354		
0.0004772	0.393353342078626		
0.0004776	0.390375277202111		
0.000478	0.389184051251505		
0.0004784	0.386205986374989		
0.0004788	0.381441082572564		
0.0004792	0.377867404720746		
0.0004796	0.373102500918321		
0.00048	0.371315661992412		
0.0004804	0.36714637116529		
0.0004808	0.364763919264078		
0.0004812	0.35940340248635		
0.0004816	0.356425337609835		
0.000482	0.352851659758016		
0.0004824	0.349277981906198		
0.0004828	0.345704304054379		
0.0004832	0.341535013227258		
0.0004836	0.33617449644953		
0.000484	0.335578883474227		
0.0004844	0.330218366696499		
0.0004848	0.327835914795287		
0.0004852	0.321284172066953		
0.0004856	0.316519268264528		
0.000486	0.311754364462104		
0.0004864	0.307585073634982		
0.0004868	0.304011395783164		
0.0004872	0.299246491980739		
0.0004876	0.296268427104223		
0.000488	0.292099136277102		
0.0004884	0.289121071400586		
0.0004888	0.282569328672253		
0.0004892	0.277804424869828		
0.0004896	0.273039521067403		
0.00049	0.2724439080921		
0.0004904	0.266487778339069		
0.0004908	0.261127261561342		
0.0004912	0.258149196684826		
0.0004916	0.252193066931795		
0.000492	0.243854485277552		
0.0004924	0.243854485277552		
0.0004928	0.240280807425734		
0.0004932	0.233133451722097		
0.0004936	0.229559773870278		
0.000494	0.225390483043157		
0.0004944	0.221221192216035		
0.0004948	0.217647514364216		
0.0004952	0.211691384611186		
0.0004956	0.206330867833458		
0.000496	0.199779125105124		
0.0004964	0.195609834278002		
0.0004968	0.192631769401487		
0.0004972	0.186080026673153		
0.0004976	0.181315122870728		
0.000498	0.177145832043607		
0.0004984	0.175358993117698		
0.0004988	0.171189702290576		
0.0004992	0.165233572537545		
0.0004996	0.159277442784514		
0.0005	0.151534474105574		
0.0005004	0.149747635179665		
0.0005008	0.14676957030315		
0.0005012	0.138430988648906		
0.0005016	0.133666084846482		
0.000502	0.12949679401936		
0.0005024	0.126518729142845		
0.0005028	0.120562599389814		
0.0005032	0.117584534513298		
0.0005036	0.111628404760268		
0.000504	0.10626788798254		
0.0005044	0.102694210130721		
0.0005048	0.0955468544270843		
0.0005052	0.0901863376493566		
0.0005056	0.086017046822235		
0.000506	0.078869691118598		
0.0005064	0.0741047873161733		
0.0005068	0.0711267224396579		
0.0005072	0.0669574316125363		
0.0005076	0.0639793667360209		
0.000508	0.0550451721064746		
0.0005084	0.050875881279353		
0.0005088	0.0484934293781407		
0.0005092	0.043132912600413		
0.0005096	0.0389636217732914		
0.00051	0.0324118790449575		
0.0005104	0.0246689103660174		
0.0005108	0.0234776844154112		
0.0005112	0.0199040065635927		
0.0005116	0.014543489785865		
0.000512	0.00858736003283411		
0.0005124	0.00680052110692486		
0.0005128	-0.00153806054731831		
0.0005132	-0.00332489947322756		
0.0005136	-0.0092810292262584		
0.000514	-0.0140459330286831		
0.0005144	-0.0176196108805016		
0.0005148	-0.0188108368311077		
0.0005152	-0.0265538055100478		
0.0005156	-0.0307230963371694		
0.000516	-0.0366792260902002		
0.0005164	-0.0378704520408064		
0.0005168	-0.0444221947691403		
0.0005172	-0.0503783245221712		
0.0005176	-0.0527607764233835		
0.000518	-0.0587169061764143		
0.0005184	-0.0640774229541421		
0.0005188	-0.0652686489047483		
0.0005192	-0.0682467137812637		
0.0005196	-0.0753940694849007		
0.00052	-0.0783721343614161		
0.0005204	-0.0825414251885377		
0.0005208	-0.08492387708975		
0.0005212	-0.0902843938674778		
0.0005216	-0.0950492976699024		
0.000522	-0.0956449106452055		
0.0005224	-0.101005427422933		
0.0005228	-0.106365944200661		
0.0005232	-0.108748396101873		
0.0005236	-0.115300138830207		
0.000524	-0.116491364780813		
0.0005244	-0.12363872048445		
0.0005248	-0.126021172385663		
0.0005252	-0.130190463212784		
0.0005256	-0.130786076188087		
0.000526	-0.136146592965815		
0.0005264	-0.139720270817634		
0.0005268	-0.142102722718846		
0.0005272	-0.147463239496574		
0.0005276	-0.151632530323695		
0.000528	-0.152228143298998		
0.0005284	-0.155801821150817		
0.0005288	-0.161757950903848		
0.0005292	-0.165927241730969		
0.0005296	-0.167118467681576		
0.00053	-0.173074597434606		
0.0005304	-0.175457049335819		
0.0005308	-0.176052662311122		
0.0005312	-0.18141317908885		
0.0005316	-0.182604405039456		
0.000532	-0.184986856940668		
0.0005324	-0.187964921817183		
0.0005328	-0.192134212644305		
0.0005332	-0.192729825619608		
0.0005336	-0.19689911644673		
0.000534	-0.199877181323245		
0.0005344	-0.202855246199761		
0.0005348	-0.202259633224458		
0.0005352	-0.206428924051579		
0.0005356	-0.208215762977488		
0.000536	-0.211789440829307		
0.0005364	-0.215363118681125		
0.0005368	-0.216554344631732		
0.0005372	-0.22012802248355		
0.0005376	-0.220723635458853		
0.000538	-0.220723635458853		
0.0005384	-0.221319248434156		
0.0005388	-0.226084152236581		
0.0005392	-0.230253443063702		
0.0005396	-0.230253443063702		
0.00054	-0.230849056039006		
0.0005404	-0.232635894964915		
0.0005408	-0.236805185792036		
0.0005412	-0.238592024717946		
0.0005416	-0.241570089594461		
0.000542	-0.242761315545067		
0.0005424	-0.245739380421583		
0.0005428	-0.249313058273401		
0.0005432	-0.246334993396886		
0.0005436	-0.249313058273401		
0.000544	-0.248717445298098		
0.0005444	-0.252291123149917		
0.0005448	-0.251695510174613		
0.0005452	-0.254673575051129		
0.0005456	-0.257056026952341		
0.000546	-0.256460413977038		
0.0005464	-0.258247252902947		
0.0005468	-0.259438478853554		
0.0005472	-0.263012156705372		
0.0005476	-0.264203382655978		
0.000548	-0.260034091828857		
0.0005484	-0.263012156705372		
0.0005488	-0.263607769680675		
0.0005492	-0.265990221581887		
0.0005496	-0.265394608606584		
0.00055	-0.267181447532494		
0.0005504	-0.2683726734831		
0.0005508	-0.267181447532494		
0.0005512	-0.267181447532494		
0.0005516	-0.266585834557191		
0.000552	-0.265394608606584		
0.0005524	-0.267777060507797		
0.0005528	-0.271350738359615		
0.0005532	-0.268968286458403		
0.0005536	-0.2683726734831		
0.000554	-0.271946351334918		
0.0005544	-0.271946351334918		
0.0005548	-0.272541964310221		
0.0005552	-0.271350738359615		
0.0005556	-0.271350738359615		
0.000556	-0.271946351334918		
0.0005564	-0.270159512409009		
0.0005568	-0.269563899433706		
0.0005572	-0.269563899433706		
0.0005576	-0.270159512409009		
0.000558	-0.267777060507797		
0.0005584	-0.2683726734831		
0.0005588	-0.273733190260828		
0.0005592	-0.267777060507797		
0.0005596	-0.268968286458403		
0.00056	-0.269563899433706		
0.0005604	-0.269563899433706		
0.0005608	-0.2683726734831		
0.0005612	-0.267777060507797		
0.0005616	-0.266585834557191		
0.000562	-0.263607769680675		
0.0005624	-0.265990221581887		
0.0005628	-0.262416543730069		
0.0005632	-0.261820930754766		
0.0005636	-0.261820930754766		
0.000564	-0.263607769680675		
0.0005644	-0.258247252902947		
0.0005648	-0.260034091828857		
0.0005652	-0.255864801001735		
0.0005656	-0.255864801001735		
0.000566	-0.255269188026432		
0.0005664	-0.255269188026432		
0.0005668	-0.255864801001735		
0.0005672	-0.250504284224007		
0.0005676	-0.251695510174613		
0.000568	-0.249908671248704		
0.0005684	-0.249313058273401		
0.0005688	-0.246930606372189		
0.0005692	-0.24335692852037		
0.0005696	-0.243952541495673		
0.00057	-0.240378863643855		
0.0005704	-0.239187637693249		
0.0005708	-0.238592024717946		
0.0005712	-0.237400798767339		
0.0005716	-0.236805185792036		
0.000572	-0.232635894964915		
0.0005724	-0.230849056039006		
0.0005728	-0.230849056039006		
0.0005732	-0.228466604137793		
0.0005736	-0.225488539261278		
0.000574	-0.225488539261278		
0.0005744	-0.224892926285975		
0.0005748	-0.217745570582338		
0.0005752	-0.218936796532944		
0.0005756	-0.215958731656428		
0.000576	-0.214171892730519		
0.0005764	-0.214171892730519		
0.0005768	-0.211789440829307		
0.0005772	-0.209406988928094		
0.0005776	-0.207620150002185		
0.000578	-0.20464208512567		
0.0005784	-0.204046472150367		
0.0005788	-0.202259633224458		
0.0005792	-0.201068407273851		
0.0005796	-0.195707890496124		
0.00058	-0.193921051570214		
0.0005804	-0.192729825619608		
0.0005808	-0.187964921817183		
0.0005812	-0.184986856940668		
0.0005816	-0.186773695866577		
0.000582	-0.184986856940668		
0.0005824	-0.184391243965365		
0.0005828	-0.179030727187637		
0.0005832	-0.176648275286425		
0.0005836	-0.174265823385213		
0.000584	-0.172478984459303		
0.0005844	-0.168309693632182		
0.0005848	-0.167118467681576		
0.0005852	-0.166522854706272		
0.0005856	-0.162353563879151		
0.000586	-0.159971111977939		
0.0005864	-0.159971111977939		
0.0005868	-0.155206208175514		
0.0005872	-0.152228143298998		
0.0005876	-0.14865446544718		
0.000588	-0.146867626521271		
0.0005884	-0.142102722718846		
0.0005888	-0.142102722718846		
0.0005892	-0.143293948669452		
0.0005896	-0.140315883792937		
0.00059	-0.1331685280893		
0.0005904	-0.132572915113997		
0.0005908	-0.132572915113997		
0.0005912	-0.127212398336269		
0.0005916	-0.12363872048445		
0.000592	-0.127808011311572		
0.0005924	-0.120065042632632		
0.0005928	-0.11768259073142		
0.0005932	-0.118873816682026		
0.0005936	-0.11589575180551		
0.000594	-0.111130848003086		
0.0005944	-0.106961557175964		
0.0005948	-0.10815278312657		
0.0005952	-0.106365944200661		
0.0005956	-0.102196653373539		
0.000596	-0.0974317495711148		
0.0005964	-0.0974317495711148		
0.0005968	-0.0950492976699024		
0.0005972	-0.0914756198180839		
0.0005976	-0.0890931679168716		
0.000598	-0.0879019419662654		
0.0005984	-0.0861151030403562		
0.0005988	-0.0813501992379315		
0.0005992	-0.0807545862626284		
0.0005996	-0.077776521386113		
0.0006	-0.0783721343614161		
0.0006004	-0.0742028435342945		
0.0006008	-0.0700335527071729		
0.0006012	-0.0670554878306575		
0.0006016	-0.0658642618800513		
0.000602	-0.0628861970035359		
0.0006024	-0.0610993580776267		
0.0006028	-0.0581212932011113		
0.0006032	-0.0581212932011113		
0.0006036	-0.0539520023739897		
0.000604	-0.0515695504727773		
0.0006044	-0.0503783245221712		
0.0006048	-0.0485914855962619		
0.0006052	-0.0456134207197465		
0.0006056	-0.0456134207197465		
0.000606	-0.0444221947691403		
0.0006064	-0.0414441298926249		
0.0006068	-0.0378704520408064		
0.0006072	-0.0354880001395941		
0.0006076	-0.0337011612136848		
0.000608	-0.0319143222877756		
0.0006084	-0.0289362574112602		
0.0006088	-0.0289362574112602		
0.0006092	-0.027745031460654		
0.0006096	-0.0229801276582293		
0.00061	-0.0223845146829262		
0.0006104	-0.0223845146829262		
0.0006108	-0.0170239979051985		
0.0006112	-0.0170239979051985		
0.0006116	-0.0158327719545923		
0.000612	-0.01345032005338		
0.0006124	-0.00868541625095531		
0.0006128	-0.00868541625095531		
0.0006132	-0.00689857732504606		
0.0006136	-0.0057073513744399		
0.000614	-0.00689857732504606		
0.0006144	-0.000346834596712142		
0.0006148	-0.00153806054731831		
0.0006152	0.00144000432919711		
0.0006156	0.00322684325510636		
0.000616	0.00322684325510636		
0.0006164	0.00441806920571253		
0.0006168	0.00560929515631869		
0.0006172	0.00680052110692486		
0.0006176	0.0109698119340464		
0.000618	0.0139478768105619		
0.0006184	0.0163303287117742		
0.0006188	0.0157347157364711		
0.0006192	0.015139102761168		
0.0006196	0.0204996195388958		
0.00062	0.0199040065635927		
0.0006204	0.021690845489502		
0.0006208	0.0193083935882896		
0.0006212	0.021690845489502		
0.0006216	0.0240732973907143		
0.000622	0.0252645233413205		
0.0006224	0.028838201193139		
0.0006228	0.0300294271437451		
0.0006232	0.0300294271437451		
0.0006236	0.029433814168442		
0.000624	0.0306250401190482		
0.0006244	0.0318162660696544		
0.0006248	0.0353899439214729		
0.0006252	0.0347943309461698		
0.0006256	0.035985556896776		
0.000626	0.0371767828473821		
0.0006264	0.035985556896776		
0.0006268	0.0383680087979883		
0.0006272	0.0371767828473821		
0.0006276	0.0389636217732914		
0.000628	0.0413460736745037		
0.0006284	0.0401548477238975		
0.0006288	0.0419416866498068		
0.0006292	0.0413460736745037		
0.0006296	0.0401548477238975		
0.00063	0.0461109774769284		
0.0006304	0.0467065904522315		
0.0006308	0.0461109774769284		
0.0006312	0.0437285255757161		
0.0006316	0.0455153645016253		
0.000632	0.0467065904522315		
0.0006324	0.0443241385510191		
0.0006328	0.0461109774769284		
0.0006332	0.0467065904522315		
0.0006336	0.0473022034275346		
0.000634	0.0473022034275346		
0.0006344	0.0467065904522315		
0.0006348	0.0461109774769284		
0.0006352	0.050875881279353		
0.0006356	0.0514714942546561		
0.000636	0.0484934293781407		
0.0006364	0.050875881279353		
0.0006368	0.0478978164028376		
0.0006372	0.0461109774769284		
0.0006376	0.0461109774769284		
0.000638	0.0496846553287469		
0.0006384	0.0496846553287469		
0.0006388	0.0473022034275346		
0.0006392	0.0473022034275346		
0.0006396	0.050875881279353		
0.00064	0.0473022034275346		
0.0006404	0.0473022034275346		
0.0006408	0.0484934293781407		
0.0006412	0.0473022034275346		
0.0006416	0.050875881279353		
0.000642	0.0490890423534438		
0.0006424	0.0484934293781407		
0.0006428	0.0467065904522315		
0.0006432	0.0484934293781407		
0.0006436	0.0478978164028376		
0.000644	0.0490890423534438		
0.0006444	0.0473022034275346		
0.0006448	0.0449197515263222		
0.0006452	0.0461109774769284		
0.0006456	0.0455153645016253		
0.000646	0.0455153645016253		
0.0006464	0.05028026830405		
0.0006468	0.0443241385510191		
0.0006472	0.0461109774769284		
0.0006476	0.0449197515263222		
0.000648	0.0437285255757161		
0.0006484	0.0443241385510191		
0.0006488	0.0413460736745037		
0.0006492	0.0437285255757161		
0.0006496	0.0407504606992006		
0.00065	0.0425372996251099		
0.0006504	0.0437285255757161		
0.0006508	0.0419416866498068		
0.0006512	0.0389636217732914		
0.0006516	0.036581169872079		
0.000652	0.0389636217732914		
0.0006524	0.0383680087979883		
0.0006528	0.0347943309461698		
0.0006532	0.035985556896776		
0.0006536	0.0336031049955636		
0.000654	0.036581169872079		
0.0006544	0.0336031049955636		
0.0006548	0.0336031049955636		
0.0006552	0.0330074920202605		
0.0006556	0.0300294271437451		
0.000656	0.029433814168442		
0.0006564	0.028838201193139		
0.0006568	0.0264557492919266		
0.0006572	0.0258601363166235		
0.0006576	0.0264557492919266		
0.000658	0.0282425882178359		
0.0006584	0.0270513622672297		
0.0006588	0.0228820714401081		
0.0006592	0.0240732973907143		
0.0006596	0.0252645233413205		
0.00066	0.021690845489502		
0.0006604	0.022286458464805		
0.0006608	0.021690845489502		
0.0006612	0.0181171676376834		
0.0006616	0.0163303287117742		
0.000662	0.015139102761168		
0.0006624	0.015139102761168		
0.0006628	0.0157347157364711		
0.0006632	0.014543489785865		
0.0006636	0.0127566508599557		
0.000664	0.0109698119340464		
0.0006644	0.0103741989587434		
0.0006648	0.0109698119340464		
0.0006652	0.00680052110692486		
0.0006656	0.0103741989587434		
0.000666	0.00620490813162178		
0.0006664	0.00680052110692486		
0.0006668	0.00680052110692486		
0.0006672	0.00501368218101561		
0.0006676	0.00501368218101561		
0.000668	0.00501368218101561		
0.0006684	0.000248778378590941		
0.0006688	-0.00153806054731831		
0.0006692	-0.00153806054731831		
0.0006696	-0.00153806054731831		
0.00067	-0.00332489947322756		
0.0006704	-0.00272928649792448		
0.0006708	-0.0057073513744399		
0.0006712	-0.00689857732504606		
0.0006716	-0.00630296434974298		
0.000672	-0.00808980327565223		
0.0006724	-0.00808980327565223		
0.0006728	-0.0104722551768646		
0.0006732	-0.0116634811274707		
0.0006736	-0.0110678681521676		
0.000674	-0.0128547070780769		
0.0006744	-0.0116634811274707		
0.0006748	-0.0128547070780769		
0.0006752	-0.0158327719545923		
0.0006756	-0.0158327719545923		
0.000676	-0.0164283849298954		
0.0006764	-0.0164283849298954		
0.0006768	-0.0182152238558047		
0.0006772	-0.0182152238558047		
0.0006776	-0.0194064498064108		
0.000678	-0.0188108368311077		
0.0006784	-0.0211932887323201		
0.0006788	-0.0217889017076232		
0.0006792	-0.0200020627817139		
0.0006796	-0.0247669665841386		
0.00068	-0.0217889017076232		
0.0006804	-0.0229801276582293		
0.0006808	-0.0229801276582293		
0.0006812	-0.0223845146829262		
0.0006816	-0.0253625795594417		
0.000682	-0.0253625795594417		
0.0006824	-0.0259581925347447		
0.0006828	-0.0271494184853509		
0.0006832	-0.027745031460654		
0.0006836	-0.0283406444359571		
0.000684	-0.0301274833618663		
0.0006844	-0.0307230963371694		
0.0006848	-0.0307230963371694		
0.0006852	-0.0283406444359571		
0.0006856	-0.0313187093124725		
0.000686	-0.0319143222877756		
0.0006864	-0.0313187093124725		
0.0006868	-0.0319143222877756		
0.0006872	-0.0337011612136848		
0.0006876	-0.0295318703865632		
0.000688	-0.0325099352630787		
0.0006884	-0.0331055482383817		
0.0006888	-0.0337011612136848		
0.0006892	-0.0313187093124725		
0.0006896	-0.0342967741889879		
0.00069	-0.0331055482383817		
0.0006904	-0.0342967741889879		
0.0006908	-0.0372748390655033		
0.0006912	-0.0384660650161095		
0.0006916	-0.0360836131148972		
0.000692	-0.0360836131148972		
0.0006924	-0.0354880001395941		
0.0006928	-0.0366792260902002		
0.0006932	-0.0354880001395941		
0.0006936	-0.0384660650161095		
0.000694	-0.0360836131148972		
0.0006944	-0.0337011612136848		
0.0006948	-0.0337011612136848		
0.0006952	-0.034892387164291		
0.0006956	-0.0360836131148972		
0.000696	-0.0354880001395941		
0.0006964	-0.0360836131148972		
0.0006968	-0.0313187093124725		
0.0006972	-0.0342967741889879		
0.0006976	-0.0342967741889879		
0.000698	-0.0342967741889879		
0.0006984	-0.0337011612136848		
0.0006988	-0.0331055482383817		
0.0006992	-0.0342967741889879		
0.0006996	-0.0319143222877756		
0.0007	-0.0337011612136848		
0.0007004	-0.0307230963371694		
0.0007008	-0.0319143222877756		
0.0007012	-0.0331055482383817		
0.0007016	-0.0313187093124725		
0.000702	-0.0313187093124725		
0.0007024	-0.0301274833618663		
0.0007028	-0.0283406444359571		
0.0007032	-0.0295318703865632		
0.0007036	-0.0265538055100478		
0.000704	-0.0271494184853509		
0.0007044	-0.0229801276582293		
0.0007048	-0.0271494184853509		
0.0007052	-0.0241713536088355		
0.0007056	-0.0253625795594417		
0.000706	-0.0211932887323201		
0.0007064	-0.0211932887323201		
0.0007068	-0.020597675757017		
0.0007072	-0.020597675757017		
0.0007076	-0.0200020627817139		
0.000708	-0.0176196108805016		
0.0007084	-0.0152371589792892		
0.0007088	-0.0170239979051985		
0.0007092	-0.0146415460039862		
0.0007096	-0.0122590941027738		
0.00071	-0.0152371589792892		
0.0007104	-0.0140459330286831		
0.0007108	-0.0122590941027738		
0.0007112	-0.0104722551768646		
0.0007116	-0.00630296434974298		
0.000712	-0.00630296434974298		
0.0007124	-0.0057073513744399		
0.0007128	-0.00749419030034915		
0.0007132	-0.00689857732504606		
0.0007136	-0.00272928649792448		
0.000714	-0.00153806054731831		
0.0007144	0.000248778378590941		
0.0007148	0.000844391353894025		
0.0007152	0.00144000432919711		
0.0007156	0.00322684325510636		
0.000716	0.00620490813162178		
0.0007164	0.00739613408222794		
0.0007168	0.00680052110692486		
0.0007172	0.0091829730081372		
0.0007176	0.0127566508599557		
0.000718	0.0109698119340464		
0.0007184	0.015139102761168		
0.0007188	0.0139478768105619		
0.0007192	0.0163303287117742		
0.0007196	0.0163303287117742		
0.00072	0.0210952325141989		
0.0007204	0.021690845489502		
0.0007208	0.0204996195388958		
0.0007212	0.0246689103660174		
0.0007216	0.0282425882178359		
0.000722	0.0300294271437451		
0.0007224	0.0318162660696544		
0.0007228	0.0324118790449575		
0.0007232	0.0347943309461698		
0.0007236	0.035985556896776		
0.000724	0.035985556896776		
0.0007244	0.0389636217732914		
0.0007248	0.0401548477238975		
0.0007252	0.0437285255757161		
0.0007256	0.0461109774769284		
0.000726	0.0443241385510191		
0.0007264	0.0484934293781407		
0.0007268	0.05028026830405		
0.0007272	0.0520671072299592		
0.0007276	0.0544495591311716		
0.000728	0.0562363980570808		
0.0007284	0.0580232369829901		
0.0007288	0.0604056888842024		
0.0007292	0.0604056888842024		
0.0007296	0.064574979711324		
0.00073	0.0669574316125363		
0.0007304	0.0693398835137486		
0.0007308	0.0687442705384456		
0.0007312	0.0735091743408702		
0.0007316	0.0735091743408702		
0.000732	0.0794653040939011		
0.0007324	0.078869691118598		
0.0007328	0.0806565300445072		
0.0007332	0.0812521430198103		
0.0007336	0.0836345949210227		
0.000734	0.0848258208716288		
0.0007344	0.0872082727728412		
0.0007348	0.0913775635999627		
0.0007352	0.0919731765752658		
0.0007356	0.0955468544270843		
0.000736	0.0955468544270843		
0.0007364	0.0979293063282967		
0.0007368	0.102694210130721		
0.0007372	0.103885436081328		
0.0007376	0.106863500957843		
0.000738	0.107459113933146		
0.0007384	0.109841565834358		
0.0007388	0.112819630710874		
0.0007392	0.115202082612086		
0.0007396	0.116393308562692		
0.00074	0.116988921537995		
0.0007404	0.121158212365117		
0.0007408	0.121158212365117		
0.0007412	0.122945051291026		
0.0007416	0.125327503192239		
0.000742	0.127709955093451		
0.0007424	0.130688019969966		
0.0007428	0.132474858895876		
0.0007432	0.134261697821785		
0.0007436	0.1372397626983		
0.000744	0.139026601624209		
0.0007444	0.141409053525422		
0.0007448	0.142600279476028		
0.0007452	0.142600279476028		
0.0007456	0.14498273137724		
0.000746	0.147365183278453		
0.0007464	0.147960796253756		
0.0007468	0.152130087080877		
0.0007472	0.153321313031483		
0.0007476	0.155108151957393		
0.000748	0.161064281710424		
0.0007484	0.16046866873512		
0.0007488	0.164042346586939		
0.0007492	0.163446733611636		
0.0007496	0.164042346586939		
0.00075	0.167616024438757		
0.0007504	0.165829185512848		
0.0007508	0.166424798488151		
0.0007512	0.172380928241182		
0.0007516	0.175358993117698		
0.000752	0.175358993117698		
0.0007524	0.176550219068304		
0.0007528	0.180719509895425		
0.0007532	0.181315122870728		
0.0007536	0.181315122870728		
0.000754	0.184888800722547		
0.0007544	0.18548441369785		
0.0007548	0.188462478574365		
0.0007552	0.187271252623759		
0.0007556	0.190844930475578		
0.000756	0.191440543450881		
0.0007564	0.195014221302699		
0.0007568	0.195014221302699		
0.0007572	0.199779125105124		
0.0007576	0.200374738080427		
0.000758	0.201565964031033		
0.0007584	0.20097035105573		
0.0007588	0.206330867833458		
0.0007592	0.206330867833458		
0.0007596	0.206926480808761		
0.00076	0.208117706759367		
0.0007604	0.206330867833458		
0.0007608	0.208117706759367		
0.0007612	0.211095771635883		
0.0007616	0.212882610561792		
0.000762	0.214073836512398		
0.0007624	0.211691384611186		
0.0007628	0.213478223537095		
0.0007632	0.21645628841361		
0.0007636	0.220029966265429		
0.000764	0.21645628841361		
0.0007644	0.220029966265429		
0.0007648	0.222412418166641		
0.0007652	0.220625579240732		
0.0007656	0.220029966265429		
0.000766	0.22419925709255		
0.0007664	0.22419925709255		
0.0007668	0.221221192216035		
0.0007672	0.221816805191338		
0.0007676	0.22598609601846		
0.000768	0.22419925709255		
0.0007684	0.227177321969066		
0.0007688	0.224794870067853		
0.0007692	0.224794870067853		
0.0007696	0.223008031141944		
0.00077	0.225390483043157		
0.0007704	0.226581708993763		
0.0007708	0.227772934944369		
0.0007712	0.227177321969066		
0.0007716	0.22598609601846		
0.000772	0.22598609601846		
0.0007724	0.225390483043157		
0.0007728	0.22598609601846		
0.0007732	0.226581708993763		
0.0007736	0.226581708993763		
0.000774	0.226581708993763		
0.0007744	0.225390483043157		
0.0007748	0.22598609601846		
0.0007752	0.226581708993763		
0.0007756	0.22598609601846		
0.000776	0.226581708993763		
0.0007764	0.223603644117247		
0.0007768	0.222412418166641		
0.0007772	0.22419925709255		
0.0007776	0.225390483043157		
0.000778	0.219434353290126		
0.0007784	0.220625579240732		
0.0007788	0.220625579240732		
0.0007792	0.221221192216035		
0.0007796	0.221816805191338		
0.00078	0.218838740314823		
0.0007804	0.21645628841361		
0.0007808	0.21824312733952		
0.0007812	0.21645628841361		
0.0007816	0.217051901388913		
0.000782	0.217051901388913		
0.0007824	0.214073836512398		
0.0007828	0.211691384611186		
0.0007832	0.212882610561792		
0.0007836	0.210500158660579		
0.000784	0.207522093784064		
0.0007844	0.209904545685276		
0.0007848	0.208117706759367		
0.0007852	0.205139641882852		
0.0007856	0.203352802956942		
0.000786	0.202161577006336		
0.0007864	0.199779125105124		
0.0007868	0.199779125105124		
0.0007872	0.198587899154518		
0.0007876	0.195014221302699		
0.000788	0.196205447253305		
0.0007884	0.194418608327396		
0.0007888	0.192036156426184		
0.0007892	0.188462478574365		
0.0007896	0.186675639648456		
0.00079	0.187866865599062		
0.0007904	0.181910735846031		
0.0007908	0.180123896920122		
0.0007912	0.17774144501891		
0.0007916	0.177145832043607		
0.000792	0.174167767167091		
0.0007924	0.171785315265879		
0.0007928	0.168807250389364		
0.0007932	0.168211637414061		
0.0007936	0.164042346586939		
0.000794	0.164042346586939		
0.0007944	0.16225550766103		
0.0007948	0.156299377907999		
0.0007952	0.15451253898209		
0.0007956	0.155703764932696		
0.000796	0.149152022204362		
0.0007964	0.147960796253756		
0.0007968	0.14676957030315		
0.0007972	0.143791505426634		
0.0007976	0.139026601624209		
0.000798	0.134857310797088		
0.0007984	0.135452923772391		
0.0007988	0.12949679401936		
0.0007992	0.127114342118148		
0.0007996	0.124731890216935		
0.0008	0.122945051291026		
0.0008004	0.116988921537995		
0.0008008	0.114606469636783		
0.0008012	0.112819630710874		
0.0008016	0.109245952859055		
0.000802	0.107459113933146		
0.0008024	0.103885436081328		
0.0008028	0.0979293063282967		
0.0008032	0.0967380803776905		
0.0008036	0.093164402525872		
0.000804	0.0895907246740535		
0.0008044	0.0878038857481442		
0.0008048	0.0818477559951134		
0.0008052	0.0800609170692041		
0.0008056	0.0758916262420826		
0.000806	0.0705311094643548		
0.0008064	0.0663618186372332		
0.0008068	0.0633837537607178		
0.0008072	0.0598100759088993		
0.0008076	0.0556407850817777		
0.000808	0.05028026830405		
0.0008084	0.0478978164028376		
0.0008088	0.0437285255757161		
0.0008092	0.0413460736745037		
0.0008096	0.035985556896776		
0.00081	0.0347943309461698		
0.0008104	0.0282425882178359		
0.0008108	0.0258601363166235		
0.0008112	0.0187127806129865		
0.0008116	0.0181171676376834		
0.000812	0.014543489785865		
0.0008124	0.00799174705753103		
0.0008128	0.00441806920571253		
0.0008132	0.00144000432919711		
0.0008136	-0.00153806054731831		
0.000814	-0.00868541625095531		
0.0008144	-0.0110678681521676		
0.0008148	-0.01345032005338		
0.0008152	-0.0211932887323201		
0.0008156	-0.0247669665841386		
0.000816	-0.0295318703865632		
0.0008164	-0.0331055482383817		
0.0008168	-0.0396572909667157		
0.0008172	-0.0408485169173218		
0.0008176	-0.0462090336950496		
0.000818	-0.0503783245221712		
0.0008184	-0.0545476153492928		
0.0008188	-0.0575256802258082		
0.0008192	-0.0610993580776267		
0.0008196	-0.0652686489047483		
0.00082	-0.0718203916330822		
0.0008204	-0.0736072305589914		
0.0008208	-0.0783721343614161		
0.0008212	-0.0825414251885377		
0.0008216	-0.0879019419662654		
0.000822	-0.0914756198180839		
0.0008224	-0.0968361365958117		
0.0008228	-0.101601040398236		
0.0008232	-0.105174718250055		
0.0008236	-0.111726460978389		
0.000824	-0.115300138830207		
0.0008244	-0.120660655607935		
0.0008248	-0.124234333459754		
0.0008252	-0.127808011311572		
0.0008256	-0.131977302138694		
0.000826	-0.135550979990512		
0.0008264	-0.142698335694149		
0.0008268	-0.146867626521271		
0.0008272	-0.152823756274302		
0.0008276	-0.155206208175514		
0.000828	-0.158779886027332		
0.0008284	-0.165927241730969		
0.0008288	-0.171883371484		
0.0008292	-0.174265823385213		
0.0008296	-0.177243888261728		
0.00083	-0.182604405039456		
0.0008304	-0.18915614776779		
0.0008308	-0.190347373718396		
0.0008312	-0.192134212644305		
0.0008316	-0.19689911644673		
0.000832	-0.203450859175064		
0.0008324	-0.207024537026882		
0.0008328	-0.212980666779913		
0.0008332	-0.215363118681125		
0.0008336	-0.219532409508247		
0.000834	-0.223701700335369		
0.0008344	-0.226679765211884		
0.0008348	-0.232635894964915		
0.0008352	-0.23561395984143		
0.0008356	-0.236805185792036		
0.000836	-0.244548154470976		
0.0008364	-0.246930606372189		
0.0008368	-0.253482349100523		
0.0008372	-0.258247252902947		
0.0008376	-0.25884286587825		
0.000838	-0.264798995631281		
0.0008384	-0.268968286458403		
0.0008388	-0.273137577285524		
0.0008392	-0.27611564216204		
0.0008396	-0.282667384890374		
0.00084	-0.285049836791586		
0.0008404	-0.288027901668102		
0.0008408	-0.29160157951992		
0.0008412	-0.296366483322345		
0.0008416	-0.298153322248254		
0.000842	-0.301727000100072		
0.0008424	-0.30887435580371		
0.0008428	-0.311852420680225		
0.0008432	-0.317808550433256		
0.0008436	-0.318404163408559		
0.000844	-0.32257345423568		
0.0008444	-0.325551519112196		
0.0008448	-0.329720809939317		
0.0008452	-0.33210326184053		
0.0008456	-0.338059391593561		
0.000846	-0.338655004568864		
0.0008464	-0.341037456470076		
0.0008468	-0.344611134321895		
0.0008472	-0.349376038124319		
0.0008476	-0.354736554902047		
0.000848	-0.353545328951441		
0.0008484	-0.359501458704472		
0.0008488	-0.361883910605684		
0.0008492	-0.363670749531593		
0.0008496	-0.367840040358715		
0.00085	-0.368435653334018		
0.0008504	-0.373200557136442		
0.0008508	-0.376774234988261		
0.0008512	-0.379156686889473		
0.0008516	-0.376774234988261		
0.000852	-0.379752299864776		
0.0008524	-0.38630404259311		
0.0008528	-0.387495268543717		
0.0008532	-0.392260172346141		
0.0008536	-0.391664559370838		
0.000854	-0.393451398296747		
0.0008544	-0.399407528049778		
0.0008548	-0.402981205901597		
0.0008552	-0.404768044827506		
0.0008556	-0.405959270778112		
0.000856	-0.407150496728718		
0.0008564	-0.408937335654628		
0.0008568	-0.408937335654628		
0.0008572	-0.413106626481749		
0.0008576	-0.414893465407658		
0.000858	-0.420849595160689		
0.0008584	-0.423827660037205		
0.0008588	-0.419658369210083		
0.0008592	-0.424423273012508		
0.0008596	-0.424423273012508		
0.00086	-0.425614498963114		
0.0008604	-0.427996950864326		
0.0008608	-0.429783789790235		
0.0008612	-0.430379402765539		
0.0008616	-0.432761854666751		
0.000862	-0.433953080617357		
0.0008624	-0.432761854666751		
0.0008628	-0.432761854666751		
0.0008632	-0.43454869359266		
0.0008636	-0.437526758469176		
0.000864	-0.440504823345691		
0.0008644	-0.438717984419782		
0.0008648	-0.435144306567963		
0.0008652	-0.441696049296297		
0.0008656	-0.439909210370388		
0.000866	-0.440504823345691		
0.0008664	-0.441100436320994		
0.0008668	-0.439313597395085		
0.0008672	-0.441100436320994		
0.0008676	-0.437526758469176		
0.000868	-0.439313597395085		
0.0008684	-0.439909210370388		
0.0008688	-0.438122371444479		
0.0008692	-0.4422916622716		
0.0008696	-0.438122371444479		
0.00087	-0.435739919543266		
0.0008704	-0.436931145493872		
0.0008708	-0.435739919543266		
0.0008712	-0.436335532518569		
0.0008716	-0.432761854666751		
0.000872	-0.433357467642054		
0.0008724	-0.429188176814932		
0.0008728	-0.429783789790235		
0.0008732	-0.431570628716145		
0.0008736	-0.429783789790235		
0.000874	-0.42680572491372		
0.0008744	-0.425614498963114		
0.0008748	-0.423232047061902		
0.0008752	-0.422040821111295		
0.0008756	-0.422040821111295		
0.000876	-0.421445208135992		
0.0008764	-0.418467143259477		
0.0008768	-0.416680304333568		
0.0008772	-0.414893465407658		
0.0008776	-0.413106626481749		
0.000878	-0.410128561605234		
0.0008784	-0.408937335654628		
0.0008788	-0.407746109704021		
0.0008792	-0.405363657802809		
0.0008796	-0.402385592926294		
0.00088	-0.402385592926294		
0.0008804	-0.400003141025081		
0.0008808	-0.397620689123869		
0.0008812	-0.396429463173263		
0.0008816	-0.391068946395535		
0.000882	-0.391068946395535		
0.0008824	-0.387495268543717		
0.0008828	-0.384517203667201		
0.0008832	-0.381539138790686		
0.0008836	-0.376178622012958		
0.000884	-0.374391783087049		
0.0008844	-0.37081810523523		
0.0008848	-0.368435653334018		
0.0008852	-0.365457588457502		
0.0008856	-0.366053201432806		
0.000886	-0.355927780852653		
0.0008864	-0.353545328951441		
0.0008868	-0.351758490025532		
0.0008872	-0.34758919919841		
0.0008876	-0.343419908371288		
0.000888	-0.33984623051947		
0.0008884	-0.334485713741742		
0.0008888	-0.334485713741742		
0.0008892	-0.329125196964014		
0.0008896	-0.323764680186287		
0.00089	-0.319595389359165		
0.0008904	-0.316021711507346		
0.0008908	-0.31661732448265		
0.0008912	-0.309469968779013		
0.0008916	-0.304705064976588		
0.000892	-0.301131387124769		
0.0008924	-0.295770870347042		
0.0008928	-0.294579644396435		
0.0008932	-0.289814740594011		
0.0008936	-0.281476158939768		
0.000894	-0.281476158939768		
0.0008944	-0.273137577285524		
0.0008948	-0.268968286458403		
0.0008952	-0.267777060507797		
0.0008956	-0.261225317779463		
0.000896	-0.25288673612522		
0.0008964	-0.248121832322795		
0.0008968	-0.245739380421583		
0.0008972	-0.241570089594461		
0.0008976	-0.236805185792036		
0.000898	-0.230849056039006		
0.0008984	-0.225488539261278		
0.0008988	-0.217745570582338		
0.0008992	-0.216554344631732		
0.0008996	-0.208811375952791		
0.0009	-0.20464208512567		
0.0009004	-0.198685955372639		
0.0009008	-0.195112277520821		
0.0009012	-0.186178082891274		
0.0009016	-0.182008792064153		
0.000902	-0.176052662311122		
0.0009024	-0.168309693632182		
0.0009028	-0.164736015780363		
0.0009032	-0.158779886027332		
0.0009036	-0.153419369249605		
0.000904	-0.147463239496574		
0.0009044	-0.141507109743543		
0.0009048	-0.135550979990512		
0.0009052	-0.127808011311572		
0.0009056	-0.127212398336269		
0.000906	-0.118873816682026		
0.0009064	-0.111130848003086		
0.0009068	-0.105770331225358		
0.0009072	-0.10040981444763		
0.0009076	-0.0932624587439932		
0.000908	-0.0867107160156593		
0.0009084	-0.0819458122132346		
0.0009088	-0.0712247786577791		
0.0009092	-0.0670554878306575		
0.0009096	-0.0628861970035359		
0.00091	-0.056334454275202		
0.0009104	-0.0521651634480804		
0.0009108	-0.0444221947691403		
0.0009112	-0.0378704520408064		
0.0009116	-0.0319143222877756		
0.000912	-0.0217889017076232		
0.0009124	-0.0152371589792892		
0.0009128	-0.0122590941027738		
0.0009132	-0.00272928649792448		
0.0009136	0.00322684325510636		
0.000914	0.00977858598344028		
0.0009144	0.015139102761168		
0.0009148	0.021690845489502		
0.0009152	0.0258601363166235		
0.0009156	0.0353899439214729		
0.000916	0.0407504606992006		
0.0009164	0.0473022034275346		
0.0009168	0.0526627202052623		
0.0009172	0.0604056888842024		
0.0009176	0.0681486575631425		
0.000918	0.0758916262420826		
0.0009184	0.0812521430198103		
0.0009188	0.0872082727728412		
0.0009192	0.0937600155011751		
0.0009196	0.0991205322789028		
0.00092	0.108650339883752		
0.0009204	0.115797695587389		
0.0009208	0.119966986414511		
0.0009212	0.126518729142845		
0.0009216	0.132474858895876		
0.000922	0.141409053525422		
0.0009224	0.147960796253756		
0.0009228	0.155108151957393		
0.0009232	0.159873055759817		
0.0009236	0.168807250389364		
0.000924	0.172976541216485		
0.0009244	0.179528283944819		
0.0009248	0.18548441369785		
0.0009252	0.194418608327396		
0.0009256	0.199779125105124		
0.000926	0.20871331973467		
0.0009264	0.212286997586489		
0.0009268	0.218838740314823		
0.0009272	0.22598609601846		
0.0009276	0.232537838746794		
0.000928	0.239685194450431		
0.0009284	0.248023776104674		
0.0009288	0.252788679907098		
0.0009292	0.255766744783614		
0.0009296	0.264105326437857		
0.00093	0.271848295116797		
0.0009304	0.275421972968616		
0.0009308	0.28018687677104		
0.0009312	0.28971668437589		
0.0009316	0.292694749252405		
0.000932	0.301033330906648		
0.0009324	0.303415782807861		
0.0009328	0.312349977437407		
0.0009332	0.317710494215135		
0.0009336	0.324262236943468		
0.000934	0.331409592647105		
0.0009344	0.336770109424833		
0.0009348	0.340343787276652		
0.0009352	0.344513078103773		
0.0009356	0.352851659758016		
0.000936	0.362381467362866		
0.0009364	0.364168306288775		
0.0009368	0.36714637116529		
0.0009372	0.377271791745443		
0.0009376	0.380845469597261		
0.000938	0.385610373399686		
0.0009384	0.39216211612802		
0.0009388	0.39990508480696		
0.0009392	0.404669988609385		
0.0009396	0.4076480534859		
0.00094	0.415986635140143		
0.0009404	0.420751538942568		
0.0009408	0.424325216794386		
0.0009412	0.430281346547417		
0.0009416	0.434450637374539		
0.000942	0.438619928201661		
0.0009424	0.444576057954691		
0.0009428	0.449340961757116		
0.0009432	0.454701478534844		
0.0009436	0.457679543411359		
0.000944	0.464231286139693		
0.0009444	0.467209351016209		
0.0009448	0.473761093744542		
0.0009452	0.477334771596361		
0.0009456	0.483290901349392		
0.000946	0.485077740275301		
0.0009464	0.489842644077726		
0.0009468	0.495203160855453		
0.0009472	0.501159290608484		
0.0009476	0.50235051655909		
0.000948	0.507711033336818		
0.0009484	0.510689098213334		
0.0009488	0.516645227966364		
0.0009492	0.514858389040455		
0.0009496	0.521410131768789		
0.00095	0.526770648546517		
0.0009504	0.529153100447729		
0.0009508	0.532131165324245		
0.0009512	0.535704843176063		
0.0009516	0.535704843176063		
0.000952	0.543447811855003		
0.0009524	0.545830263756216		
0.0009528	0.545234650780913		
0.0009532	0.55059516755864		
0.0009536	0.553573232435156		
0.000954	0.557742523262277		
0.0009544	0.557146910286974		
0.0009548	0.565485491941217		
0.0009552	0.568463556817733		
0.0009556	0.569059169793036		
0.000956	0.569059169793036		
0.0009564	0.572632847644854		
0.0009568	0.576802138471976		
0.0009572	0.578588977397885		
0.0009576	0.580375816323794		
0.000958	0.585736333101522		
0.0009584	0.583949494175613		
0.0009588	0.586331946076825		
0.0009592	0.586927559052128		
0.0009596	0.588714397978038		
0.00096	0.592883688805159		
0.0009604	0.594670527731068		
0.0009608	0.597052979632281		
0.0009612	0.596457366656978		
0.0009616	0.597052979632281		
0.000962	0.599435431533493		
0.0009624	0.600626657484099		
0.0009628	0.600031044508796		
0.0009632	0.600626657484099		
0.0009636	0.601817883434705		
0.000964	0.604795948311221		
0.0009644	0.605987174261827		
0.0009648	0.603009109385312		
0.0009652	0.604795948311221		
0.0009656	0.603009109385312		
0.000966	0.604795948311221		
0.0009664	0.603009109385312		
0.0009668	0.605987174261827		
0.0009672	0.604200335335918		
0.0009676	0.605391561286524		
0.000968	0.604200335335918		
0.0009684	0.603604722360615		
0.0009688	0.602413496410009		
0.0009692	0.603009109385312		
0.0009696	0.59883981855819		
0.00097	0.596457366656978		
0.0009704	0.595266140706371		
0.0009708	0.595266140706371		
0.0009712	0.594074914755765		
0.0009716	0.589310010953341		
0.000972	0.588118785002734		
0.0009724	0.588714397978038		
0.0009728	0.587523172027431		
0.0009732	0.585736333101522		
0.0009736	0.579780203348491		
0.000974	0.581567042274401		
0.0009744	0.578588977397885		
0.0009748	0.57561091252137		
0.0009752	0.574419686570764		
0.0009756	0.570250395743642		
0.000976	0.570250395743642		
0.0009764	0.56608110491652		
0.0009768	0.561316201114096		
0.0009772	0.560720588138793		
0.0009776	0.559529362188186		
0.000978	0.555955684336368		
0.0009784	0.551786393509246		
0.0009788	0.548808328632731		
0.0009792	0.549403941608034		
0.0009796	0.5428521988797		
0.00098	0.541065359953791		
0.0009804	0.538682908052579		
0.0009808	0.533918004250154		
0.0009812	0.52736626152182		
0.0009816	0.524388196645305		
0.000982	0.523792583670001		
0.0009824	0.51962329284288		
0.0009828	0.513071550114546		
0.0009832	0.511284711188637		
0.0009836	0.504137355485		
0.000984	0.501159290608484		
0.0009844	0.495798773830757		
0.0009848	0.491033870028332		
0.0009852	0.489842644077726		
0.0009856	0.483290901349392		
0.000986	0.476143545645755		
0.0009864	0.470783028868027		
0.0009868	0.470187415892724		
0.0009872	0.46363567316439		
0.0009876	0.458275156386662		
0.000988	0.451723413658328		
0.0009884	0.446958509855904		
0.0009888	0.443384832004085		
0.0009892	0.436237476300448		
0.0009896	0.431472572498023		
0.00099	0.427303281670902		
0.0009904	0.418369087041356		
0.0009908	0.414199796214234		
0.0009912	0.410030505387113		
0.0009916	0.403478762658779		
0.000992	0.395140181004535		
0.0009924	0.391566503152717		
0.0009928	0.386801599350292		
0.0009932	0.379058630671352		
0.0009936	0.371315661992412		
0.000994	0.366550758189987		
0.0009944	0.358807789511047		
0.0009948	0.354638498683926		
0.0009952	0.346895530004986		
0.0009956	0.342726239177864		
0.000996	0.335578883474227		
0.0009964	0.32843152777059		
0.0009968	0.32068855909165		
0.0009972	0.31294559041271		
0.0009976	0.309967525536194		
0.000998	0.300437717931345		
0.0009984	0.294481588178314		
0.0009988	0.288525458425283		
0.0009992	0.281378102721646		
0.0009996	0.270657069166191		
