Temps	V1	Frﻠquence	S_Amplitude{4}
0	-0.45956443855539	0	0
2E-5	-0.178435114212334	25.1259858911513	0
4E-5	0.205735254858155	50.2519717823027	0
6E-5	0.552977619459853	75.377957673454	0
8E-5	0.722727317421231	100.503943564605	0
0.0001	0.611943304014858	125.629929455757	0
0.00012	0.240876420401037	150.755915346908	0
0.00014	-0.267181447532494	175.881901238059	0
0.00016	-0.722825373639353	201.007887129211	0
0.00018	-0.945584626402706	226.133873020362	0
0.0002	-0.782982284144964	251.259858911513	0
0.00022	-0.301727000100072	276.385844802665	0
0.00024	0.350469207856804	301.511830693816	0
0.00026	0.918683986295946	326.637816584967	0
0.00028	1.18551859923173	351.763802476119	0
0.0003	0.983605800603982	376.88978836727	0
0.00032	0.382036695547868	402.015774258421	0
0.00034	-0.414297852432355	427.141760149573	0
0.00036	-1.10461329080863	452.267746040724	0
0.00038	-1.19812452793121	477.393731931875	0
0.0004	-1.15404916775879	502.519717823027	0
0.00042	-0.432761854666751	527.645703714178	0
0.00044	0.501159290608484	552.771689605329	0
0.00046	1.24091060593491	577.897675496481	0
0.00048	1.24091060593491	603.023661387632	0
0.0005	1.24091060593491	628.149647278783	0
0.00052	0.505328581435606	653.275633169935	0
0.00054	-0.540567803196609	678.401619061086	0
0.00056	-1.19812452793121	703.527604952237	0
0.00058	-1.19812452793121	728.653590843389	0
0.0006	-1.19812452793121	753.77957673454	0
0.00062	-0.525677478814032	778.905562625692	0
0.00064	0.600031044508796	804.031548516843	0
0.00066	1.24091060593491	829.157534407994	0
0.00068	1.24091060593491	854.283520299145	0
0.0007	1.24091060593491	879.409506190297	0
0.00072	0.571441621694248	904.535492081448	0
0.00074	-0.600129100726917	929.661477972599	0
0.00076	-1.19812452793121	954.787463863751	0
0.00078	-1.19812452793121	979.913449754902	0
0.0008	-1.19812452793121	1005.03943564605	0
0.00082	-0.550097610801458	1030.1654215372	0
0.00084	0.61432575591607	1055.29140742836	0
0.00086	1.24091060593491	1080.41739331951	0
0.00088	1.24091060593491	1105.54337921066	0
0.0009	1.24091060593491	1130.66936510181	0
0.00092	0.545830263756216	1155.79535099296	0
0.00094	-0.569157226011157	1180.92133688411	0
0.00096	-1.19812452793121	1206.04732277526	0
0.00098	-1.19812452793121	1231.17330866642	0
0.001	-1.19812452793121	1256.29929455757	0
0.00102	-0.483984570542816	1281.42528044872	0
0.00104	0.531535552348942	1306.55126633987	0
0.00106	1.24091060593491	1331.67725223102	0
0.00108	1.24091060593491	1356.80323812217	0
0.0011	1.22423344262643	1381.92922401332	0
0.00112	0.446362896880601	1407.05520990447	0
0.00114	-0.451225856901146	1432.18119579563	0
0.00116	-1.12724658387015	1457.30718168678	0
0.00118	-1.19812452793121	1482.43316757793	0
0.0012	-1.03075728187105	1507.55915346908	0
0.00122	-0.361288297630381	1532.68513936023	0
0.00124	0.385014760424383	1557.81112525138	0
0.00126	0.937147988530342	1582.93711114253	0
0.00128	1.11047136434354	1608.06309703369	0
0.0013	0.84601920330897	1633.18908292484	0
0.00132	0.301033330906648	1658.31506881599	0
0.00134	-0.301727000100072	1683.44105470714	0
0.00136	-0.741289375873748	1708.56704059829	0
0.00138	-0.87291984341573	1733.69302648944	0
0.0014	-0.653734268504195	1758.81901238059	0
0.00142	-0.22787099116249	1783.94499827174	0
0.00144	0.234920290648006	1809.0709841629	0
0.00146	0.564889878965914	1834.19697005405	0
0.00148	0.660783567989711	1859.3229559452	0
0.0015	0.498776838707272	1884.44894183635	0
0.00152	0.175358993117698	1909.5749277275	0
0.00154	-0.175457049335819	1934.70091361865	0
0.00156	-0.425018885987811	1959.8268995098	0
0.00158	-0.500066120875999	1984.95288540096	0
0.0016	-0.372604944161139	2010.07887129211	0
0.00162	-0.133764141064603	2035.20485718326	0
0.00164	0.135452923772391	2060.33084307441	0
0.00166	0.330218366696499	2085.45682896556	0
0.00168	0.395735793979838	2110.58281485671	0
0.0017	0.301033330906648	2135.70880074786	0
0.00172	0.108650339883752	2160.83478663902	0
0.00174	-0.118278203706723	2185.96077253017	0
0.00176	-0.296962096297648	2211.08675842132	0
0.00178	-0.372009331185836	2236.21274431247	0
0.0018	-0.29934454819886	2261.33873020362	0
0.00182	-0.111130848003086	2286.46471609477	0
0.00184	0.12175382534042	2311.59070198592	0
0.00186	0.326049075869378	2336.71668787707	0
0.00188	0.422538377868477	2361.84267376823	0
0.0019	0.347491142980289	2386.96865965938	0
0.00192	0.133070471871179	2412.09464555053	0
0.00194	-0.152823756274302	2437.22063144168	0
0.00196	-0.41906275623478	2462.34661733283	0
0.00198	-0.548906384850852	2487.47260322398	0
0.002	-0.458968825580087	2512.59858911513	0
0.00202	-0.177839501237031	2537.72457500628	0
0.00204	0.207522093784064	2562.85056089744	0
0.00206	0.555955684336368	2587.97654678859	0
0.00208	0.727492221223656	2613.10253267974	0
0.0021	0.60658278723713	2638.22851857089	0
0.00212	0.238493968499824	2663.35450446204	0
0.00214	-0.270755125384312	2688.48049035319	0
0.00216	-0.725803438515868	2713.60647624434	0
0.00218	-0.946775852353312	2738.7324621355	0
0.0022	-0.782982284144964	2763.85844802665	0
0.00222	-0.298153322248254	2788.9844339178	0
0.00224	0.350469207856804	2814.11041980895	0
0.00226	0.919279599271249	2839.2364057001	0
0.00228	1.18254053435521	2864.36239159125	0
0.0023	0.982414574653376	2889.4883774824	0
0.00232	0.378463017696049	2914.61436337356	0
0.00234	-0.419658369210083	2939.74034926471	0
0.00236	-1.10818696866045	2964.86633515586	0
0.00238	-1.19812452793121	2989.99232104701	0
0.0024	-1.15583600668469	3015.11830693816	0
0.00242	-0.430379402765539	3040.24429282931	0
0.00244	0.501754903583787	3065.37027872046	0
0.00246	1.24091060593491	3090.49626461161	0
0.00248	1.24091060593491	3115.62225050277	0
0.0025	1.24091060593491	3140.74823639392	0
0.00252	0.502946129534394	3165.87422228507	0
0.00254	-0.548906384850852	3191.00020817622	0
0.00256	-1.19812452793121	3216.12619406737	0
0.00258	-1.19812452793121	3241.25217995852	0
0.0026	-1.19812452793121	3266.37816584967	0
0.00262	-0.526273091789335	3291.50415174082	0
0.00264	0.598244205582887	3316.63013763198	0
0.00266	1.24091060593491	3341.75612352313	0
0.00268	1.24091060593491	3366.88210941428	0
0.0027	1.24091060593491	3392.00809530543	0
0.00272	0.568463556817733	3417.13408119658	0
0.00274	-0.603107165603433	3442.26006708773	0
0.00276	-1.19812452793121	3467.38605297888	0
0.00278	-1.19812452793121	3492.51203887004	0.0121693002322445
0.0028	-1.19812452793121	3517.63802476119	0
0.00282	-0.545928319974337	3542.76401065234	0
0.00284	0.615516981866676	3567.88999654349	0
0.00286	1.24091060593491	3593.01598243464	0
0.00288	1.24091060593491	3618.14196832579	0
0.0029	1.24091060593491	3643.26795421694	0
0.00292	0.543447811855003	3668.3939401081	0
0.00294	-0.566774774109945	3693.51992599925	0
0.00296	-1.19812452793121	3718.6459118904	0
0.00298	-1.19812452793121	3743.77189778155	0
0.003	-1.19812452793121	3768.8978836727	0
0.00302	-0.482197731616907	3794.02386956385	0
0.00304	0.533918004250154	3819.149855455	0
0.00306	1.24091060593491	3844.27584134615	0
0.00308	1.24091060593491	3869.40182723731	0
0.0031	1.22363782965112	3894.52781312846	0
0.00312	0.443384832004085	3919.65379901961	0
0.00314	-0.451225856901146	3944.77978491076	0
0.00316	-1.12665097089484	3969.90577080191	0.0108061419250906
0.00318	-1.19812452793121	3995.03175669306	0.0558644548521435
0.0032	-1.03016166889574	4020.15774258421	0.0142492987550962
0.00322	-0.360692684655078	4045.28372847537	0
0.00324	0.389184051251505	4070.40971436652	0
0.00326	0.937743601505645	4095.53570025767	0
0.00328	1.10808891244233	4120.66168614882	0
0.0033	0.845423590333667	4145.78767203997	0
0.00332	0.299842104956042	4170.91365793112	0
0.00334	-0.303513839025982	4196.03964382227	0
0.00336	-0.740098149923142	4221.16562971343	0
0.00338	-0.873515456391033	4246.29161560458	0
0.0034	-0.651947429578286	4271.41760149573	0
0.00342	-0.225488539261278	4296.54358738688	0
0.00344	0.236111516598612	4321.66957327803	0
0.00346	0.563698653015308	4346.79555916918	0
0.00348	0.658996729063801	4371.92154506033	0
0.0035	0.496989999781363	4397.04753095148	0
0.00352	0.172380928241182	4422.17351684263	0
0.00354	-0.176648275286425	4447.29950273379	0.0123329291727912
0.00356	-0.427401337889023	4472.42548862494	0.0252826686333681
0.00358	-0.498874894925393	4497.55147451609	0.262012232556158
0.0036	-0.374391783087049	4522.67746040724	0.0345236914538167
0.00362	-0.131977302138694	4547.80344629839	0.0166659971287991
0.00364	0.134857310797088	4572.92943218954	0.0115888321401506
0.00366	0.333792044548318	4598.0554180807	0
0.00368	0.396331406955142	4623.18140397185	0
0.0037	0.302820169832557	4648.307389863	0
0.00372	0.107459113933146	4673.43337575415	0
0.00374	-0.118873816682026	4698.5593616453	0
0.00376	-0.296962096297648	4723.68534753645	0
0.00378	-0.371413718210533	4748.8113334276	0
0.0038	-0.296366483322345	4773.93731931875	0
0.00382	-0.10993962205248	4799.06330520991	0
0.00384	0.123540664266329	4824.18929110106	0
0.00386	0.32843152777059	4849.31527699221	0
0.00388	0.422538377868477	4874.44126288336	0
0.0039	0.348682368930895	4899.56724877451	0
0.00392	0.1372397626983	4924.69323466566	0
0.00394	-0.15639743412612	4949.81922055681	0
0.00396	-0.417871530284174	4974.94520644796	0.0182072737939466
0.00398	-0.551884449727368	5000.07119233912	0.978567646184913
0.004	-0.461351277481299	5025.19717823027	0.0133205259552856
0.00402	-0.17962634016294	5050.32316412142	0
0.00404	0.206330867833458	5075.44915001257	0
0.00406	0.554168845410459	5100.57513590372	0
0.00408	0.725705382297747	5125.70112179487	0
0.0041	0.607774013187736	5150.82710768602	0
0.00412	0.236707129573915	5175.95309357718	0
0.00414	-0.269563899433706	5201.07907946833	0
0.00416	-0.726994664466474	5226.20506535948	0
0.00418	-0.946775852353312	5251.33105125063	0
0.0042	-0.783577897120267	5276.45703714178	0
0.00422	-0.298748935223557	5301.58302303293	0
0.00424	0.349277981906198	5326.70900892408	0
0.00426	0.918088373320643	5351.83499481523	0
0.00428	1.18373176030582	5376.96098070639	0
0.0043	0.982414574653376	5402.08696659754	0
0.00432	0.382036695547868	5427.21295248869	0
0.00434	-0.417275917308871	5452.33893837984	0.0117137094818397
0.00436	-1.10640012973454	5477.46492427099	0.0238529989890322
0.00438	-1.19812452793121	5502.59091016214	0.262312305649792
0.0044	-1.15583600668469	5527.71689605329	0.0196902531391764
0.00442	-0.430975015740842	5552.84288194445	0.0102401223487257
0.00444	0.504732968460303	5577.9688678356	0
0.00446	1.24091060593491	5603.09485372675	0
0.00448	1.24091060593491	5628.2208396179	0
0.0045	1.24091060593491	5653.34682550905	0
0.00452	0.503541742509697	5678.4728114002	0
0.00454	-0.545928319974337	5703.59879729135	0
0.00456	-1.19812452793121	5728.7247831825	0
0.00458	-1.19812452793121	5753.85076907366	0
0.0046	-1.19812452793121	5778.97675496481	0
0.00462	-0.525081865838729	5804.10274085596	0
0.00464	0.602413496410009	5829.22872674711	0
0.00466	1.24091060593491	5854.35471263826	0
0.00468	1.24091060593491	5879.48069852941	0
0.0047	1.24091060593491	5904.60668442056	0
0.00472	0.568463556817733	5929.73267031171	0
0.00474	-0.603702778578736	5954.85865620287	0
0.00476	-1.19812452793121	5979.98464209402	0.0102902329806957
0.00478	-1.19812452793121	6005.11062798517	0.0558858272292433
0.0048	-1.19812452793121	6030.23661387632	0
0.00482	-0.540567803196609	6055.36259976747	0
0.00484	0.616708207817283	6080.48858565862	0
0.00486	1.24091060593491	6105.61457154978	0
0.00488	1.24091060593491	6130.74055744093	0
0.0049	1.24091060593491	6155.86654333208	0
0.00492	0.542256585904397	6180.99252922323	0
0.00494	-0.570944064937066	6206.11851511438	0
0.00496	-1.19812452793121	6231.24450100553	0
0.00498	-1.19812452793121	6256.37048689668	0
0.005	-1.19812452793121	6281.49647278783	0
0.00502	-0.47505037591327	6306.62245867899	0
0.00504	0.540469746978488	6331.74844457014	0
0.00506	1.24091060593491	6356.87443046129	0
0.00508	1.24091060593491	6382.00041635244	0
0.0051	1.2182773128734	6407.12640224359	0
0.00512	0.435046250349842	6432.25238813474	0
0.00514	-0.458373212604783	6457.37837402589	0.0107292269208547
0.00516	-1.12843780982075	6482.50435991704	0
0.00518	-1.19812452793121	6507.6303458082	0.0116200633966031
0.0052	-1.02658799104393	6532.75633169935	0
0.00522	-0.356523393827956	6557.8823175905	0
0.00524	0.39216211612802	6583.00830348165	0
0.00526	0.942508505308069	6608.1342893728	0
0.00528	1.10749329946702	6633.26027526395	0
0.0053	0.841254299506545	6658.3862611551	0
0.00532	0.298650879005436	6683.51224704626	0
0.00534	-0.306491903902497	6708.63823293741	0
0.00536	-0.740693762898445	6733.76421882856	0
0.00538	-0.869941778539214	6758.89020471971	0
0.0054	-0.651947429578286	6784.01619061086	0
0.00542	-0.222510474384762	6809.14217650201	0
0.00544	0.240876420401037	6834.26816239316	0
0.00546	0.566676717891823	6859.39414828431	0
0.00548	0.660783567989711	6884.52013417547	0
0.0055	0.494011934904847	6909.64612006662	0
0.00552	0.168807250389364	6934.77210595777	0
0.00554	-0.180221953138243	6959.89809184892	0
0.00556	-0.427401337889023	6985.02407774007	0
0.00558	-0.502448572777212	7010.15006363122	0
0.0056	-0.373796170111746	7035.27604952237	0
0.00562	-0.128403624286875	7060.40203541353	0
0.00564	0.136048536747694	7085.52802130468	0
0.00566	0.331409592647105	7110.65400719583	0
0.00568	0.393948955053929	7135.77999308698	0
0.0057	0.302820169832557	7160.90597897813	0
0.00572	0.105076662031934	7186.03196486928	0
0.00574	-0.121256268583238	7211.15795076043	0
0.00576	-0.301727000100072	7236.28393665159	0
0.00578	-0.372604944161139	7261.40992254274	0
0.0058	-0.293388418445829	7286.53590843389	0
0.00582	-0.111726460978389	7311.66189432504	0
0.00584	0.128305568068754	7336.78788021619	0
0.00586	0.32843152777059	7361.91386610734	0
0.00588	0.421347151917871	7387.03985199849	0
0.0059	0.348682368930895	7412.16583788964	0
0.00592	0.134261697821785	7437.29182378079	0
0.00594	-0.15639743412612	7462.41780967195	0
0.00596	-0.420253982185386	7487.5437955631	0
0.00598	-0.547715158900246	7512.66978145425	0
0.006	-0.456586373678874	7537.7957673454	0
0.00602	-0.174861436360516	7562.92175323655	0
0.00604	0.208117706759367	7588.0477391277	0
0.00606	0.555360071361065	7613.17372501886	0
0.00608	0.725109769322444	7638.29971091001	0
0.0061	0.607774013187736	7663.42569680116	0
0.00612	0.236111516598612	7688.55168269231	0
0.00614	-0.274328803236131	7713.67766858346	0
0.00616	-0.72997272934299	7738.80365447461	0
0.00618	-0.948562691279221	7763.92964036576	0
0.0062	-0.781791058194358	7789.05562625691	0
0.00622	-0.295175257371739	7814.18161214807	0
0.00624	0.35344727273332	7839.30759803922	0
0.00626	0.925831341999583	7864.43358393037	0
0.00628	1.18432737328112	7889.55956982152	0
0.0063	0.978245283826254	7914.68555571267	0
0.00632	0.376080565794837	7939.81154160382	0
0.00634	-0.423827660037205	7964.93752749497	0
0.00636	-1.11473871138878	7990.06351338612	0
0.00638	-1.19812452793121	8015.18949927728	0
0.0064	-1.15047548990697	8040.31548516843	0
0.00642	-0.425614498963114	8065.44147105958	0
0.00644	0.508306646312121	8090.56745695073	0
0.00646	1.24091060593491	8115.69344284188	0
0.00648	1.24091060593491	8140.81942873303	0
0.0065	1.24091060593491	8165.94541462418	0
0.00652	0.497585612756666	8191.07140051534	0
0.00654	-0.553075675677974	8216.19738640649	0
0.00656	-1.19812452793121	8241.32337229764	0
0.00658	-1.19812452793121	8266.44935818879	0
0.0066	-1.19812452793121	8291.57534407994	0
0.00662	-0.514360832283273	8316.70132997109	0
0.00664	0.612538916990161	8341.82731586224	0
0.00666	1.24091060593491	8366.9533017534	0
0.00668	1.24091060593491	8392.07928764455	0
0.0067	1.24091060593491	8417.2052735357	0
0.00672	0.55833813623758	8442.33125942685	0
0.00674	-0.612041360232979	8467.457245318	0
0.00676	-1.19812452793121	8492.58323120915	0
0.00678	-1.19812452793121	8517.7092171003	0
0.0068	-1.19812452793121	8542.83520299145	0
0.00682	-0.536994125344791	8567.96118888261	0
0.00684	0.625642402446829	8593.08717477376	0
0.00686	1.24091060593491	8618.21316066491	0
0.00688	1.24091060593491	8643.33914655606	0
0.0069	1.24091060593491	8668.46513244721	0
0.00692	0.533918004250154	8693.59111833836	0
0.00694	-0.576304581714794	8718.71710422951	0
0.00696	-1.19812452793121	8743.84309012066	0
0.00698	-1.19812452793121	8768.96907601182	0
0.007	-1.19812452793121	8794.09506190297	0
0.00702	-0.470881085086148	8819.22104779412	0
0.00704	0.544639037805609	8844.34703368527	0
0.00706	1.24091060593491	8869.47301957642	0
0.00708	1.24091060593491	8894.59900546757	0
0.0071	1.21351240907097	8919.72499135872	0
0.00712	0.431472572498023	8944.85097724988	0
0.00714	-0.464329342357814	8969.97696314103	0
0.00716	-1.13439393957378	8995.10294903218	0
0.00718	-1.19812452793121	9020.22893492333	0
0.0072	-1.0218230872415	9045.35492081448	0
0.00722	-0.349971651099622	9070.48090670563	0
0.00724	0.399309471831657	9095.60689259678	0
0.00726	0.941317279357463	9120.73287848794	0
0.00728	1.10868452541763	9145.85886437909	0
0.0073	0.837085008679423	9170.98485027024	0
0.00732	0.291503523301799	9196.11083616139	0
0.00734	-0.313043646630831	9221.23682205254	0
0.00736	-0.743076214799657	9246.36280794369	0
0.00738	-0.870537391514517	9271.48879383484	0
0.0074	-0.645991299825255	9296.61477972599	0
0.00742	-0.218936796532944	9321.74076561715	0
0.00744	0.240876420401037	9346.8667515083	0
0.00746	0.568463556817733	9371.99273739945	0
0.00748	0.656018664187286	9397.1187232906	0
0.0075	0.491033870028332	9422.24470918175	0
0.00752	0.167020411463454	9447.3706950729	0
0.00754	-0.182008792064153	9472.49668096405	0
0.00756	-0.429783789790235	9497.6226668552	0
0.00758	-0.49827928195009	9522.74865274636	0
0.0076	-0.372009331185836	9547.87463863751	0
0.00762	-0.126616785360966	9573.00062452866	0
0.00764	0.140217827574816	9598.12661041981	0
0.00766	0.332005205622409	9623.25259631096	0
0.00768	0.395140181004535	9648.37858220211	0
0.0077	0.299842104956042	9673.50456809327	0
0.00772	0.105672275007237	9698.63055398442	0
0.00774	-0.121256268583238	9723.75653987557	0
0.00776	-0.298748935223557	9748.88252576672	0
0.00778	-0.367840040358715	9774.00851165787	0
0.0078	-0.293388418445829	9799.13449754902	0
0.00782	-0.108748396101873	9824.26048344017	0
0.00784	0.126518729142845	9849.38646933132	0
0.00786	0.330218366696499	9874.51245522248	0
0.00788	0.421942764893174	9899.63844111363	0
0.0079	0.345704304054379	9924.76442700478	0
0.00792	0.128305568068754	9949.89041289593	0
0.00794	-0.161757950903848	9975.01639878708	0
0.00796	-0.420849595160689	10000.1423846782	0
0.00798	-0.547715158900246	10025.2683705694	0
0.008	-0.453608308802359	10050.3943564605	0
0.00802	-0.174861436360516	10075.5203423517	0
0.00804	0.215860675438307	10100.6463282428	0
0.00806	0.557742523262277	10125.772314134	0
0.00808	0.725705382297747	10150.8983000251	0
0.0081	0.601222270459402	10176.0242859163	0
0.00812	0.230750999820884	10201.1502718074	0
0.00814	-0.278498094063252	10226.2762576986	0
0.00816	-0.731759568268899	10251.4022435897	0
0.00818	-0.948562691279221	10276.5282294809	0
0.0082	-0.778812993317842	10301.654215372	0
0.00822	-0.289219127618708	10326.7802012632	0
0.00824	0.36119024141226	10351.9061871544	0
0.00826	0.927618180925492	10377.0321730455	0
0.00828	1.18730543815764	10402.1581589367	0
0.0083	0.977054057875648	10427.2841448278	0
0.00832	0.366550758189987	10452.410130719	0
0.00834	-0.431570628716145	10477.5361166101	0
0.00836	-1.12009922816651	10502.6621025013	0
0.00838	-1.19812452793121	10527.7880883924	0
0.0084	-1.14868865098106	10552.9140742836	0
0.00842	-0.417275917308871	10578.0400601747	0
0.00844	0.515454002015758	10603.1660460659	0
0.00846	1.24091060593491	10628.292031957	0
0.00848	1.24091060593491	10653.4180178482	0
0.0085	1.24091060593491	10678.5440037393	0
0.00852	0.486268966225907	10703.6699896305	0
0.00854	-0.558436192455702	10728.7959755216	0
0.00856	-1.19812452793121	10753.9219614128	0
0.00858	-1.19812452793121	10779.0479473039	0
0.0086	-1.19812452793121	10804.1739331951	0
0.00862	-0.504235411703121	10829.2999190862	0
0.00864	0.62206872459501	10854.4259049774	0
0.00866	1.24091060593491	10879.5518908685	0
0.00868	1.24091060593491	10904.6778767597	0
0.0087	1.24091060593491	10929.8038626508	0
0.00872	0.547617102682125	10954.929848542	0
0.00874	-0.627527297590859	10980.0558344331	0
0.00876	-1.19812452793121	11005.1818203243	0
0.00878	-1.19812452793121	11030.3078062154	0
0.0088	-1.19812452793121	11055.4337921066	0
0.00882	-0.525677478814032	11080.5597779977	0
0.00884	0.635767823026981	11105.6857638889	0
0.00886	1.24091060593491	11130.81174978	0
0.00888	1.24091060593491	11155.9377356712	0
0.0089	1.24091060593491	11181.0637215623	0
0.00892	0.520814518793486	11206.1897074535	0
0.00894	-0.591194906097371	11231.3156933446	0
0.00896	-1.19812452793121	11256.4416792358	0
0.00898	-1.19812452793121	11281.5676651269	0
0.009	-1.19812452793121	11306.6936510181	0
0.00902	-0.45777759962948	11331.8196369093	0
0.00904	0.554764458385762	11356.9456228004	0
0.00906	1.24091060593491	11382.0716086916	0
0.00908	1.24091060593491	11407.1975945827	0
0.0091	1.20517382741673	11432.3235804739	0
0.00912	0.420751538942568	11457.449566365	0
0.00914	-0.472072311036754	11482.5755522562	0
0.00916	-1.13618077849969	11507.7015381473	0
0.00918	-1.19812452793121	11532.8275240385	0
0.0092	-1.01348450558726	11557.9535099296	0
0.00922	-0.343419908371288	11583.0794958208	0
0.00924	0.404074375634082	11608.2054817119	0
0.00926	0.943104118283372	11633.3314676031	0
0.00928	1.10451523459051	11658.4574534942	0
0.0093	0.835893782728817	11683.5834393854	0
0.00932	0.283164941647556	11708.7094252765	0
0.00934	-0.316021711507346	11733.8354111677	0
0.00936	-0.746054279676173	11758.9613970588	0
0.00938	-0.874111069366336	11784.08738295	0
0.0094	-0.64122639602283	11809.2133688411	0
0.00942	-0.214171892730519	11834.3393547323	0
0.00944	0.243854485277552	11859.4653406234	0
0.00946	0.568463556817733	11884.5913265146	0
0.00948	0.657209890137892	11909.7173124057	0
0.0095	0.489247031102423	11934.8432982969	0
0.00952	0.16046866873512	11959.969284188	0
0.00954	-0.186178082891274	11985.0952700792	0
0.00956	-0.428592563839629	12010.2212559703	0
0.00958	-0.496492443024181	12035.3472418615	0
0.0096	-0.369031266309321	12060.4732277526	0
0.00962	-0.124829946435057	12085.5992136438	0
0.00964	0.143791505426634	12110.7251995349	0
0.00966	0.334983270498924	12135.8511854261	0
0.00968	0.389779664226808	12160.9771713172	0
0.0097	0.298055266030133	12186.1031572084	0
0.00972	0.100907371204812	12211.2291430996	0
0.00974	-0.124234333459754	12236.3551289907	0
0.00976	-0.300535774149466	12261.4811148819	0
0.00978	-0.368435653334018	12286.607100773	0
0.0098	-0.292792805470526	12311.7330866642	0
0.00982	-0.106365944200661	12336.8590725553	0
0.00984	0.12949679401936	12361.9850584465	0
0.00986	0.332005205622409	12387.1110443376	0
0.00988	0.422538377868477	12412.2370302288	0
0.0099	0.344513078103773	12437.3630161199	0
0.00992	0.125923116167542	12462.4890020111	0
0.00994	-0.165927241730969	12487.6149879022	0
0.00996	-0.426210111938417	12512.7409737934	0
0.00998	-0.548906384850852	12537.8669596845	0
0.01	-0.451225856901146	12562.9929455757	0
0.01002	-0.165927241730969	12588.1189314668	0
0.01004	0.221221192216035	12613.244917358	0
0.01006	0.562507427064702	12638.3709032491	0
0.01008	0.725109769322444	12663.4968891403	0
0.0101	0.604200335335918	12688.6228750314	0
0.01012	0.223008031141944	12713.7488609226	0
0.01014	-0.287432288692798	12738.8748468137	0
0.01016	-0.739502536947839	12764.0008327049	0
0.01018	-0.947967078303918	12789.126818596	0
0.0102	-0.772261250589509	12814.2528044872	0
0.01022	-0.279689320013858	12839.3787903783	0
0.01024	0.371315661992412	12864.5047762695	0
0.01026	0.935361149604432	12889.6307621606	0
0.01028	1.18551859923173	12914.7567480518	0
0.0103	0.968119863246102	12939.8827339429	0
0.01032	0.357616563560441	12965.0087198341	0
0.01034	-0.442887275246903	12990.1347057252	0
0.01036	-1.12724658387015	13015.2606916164	0
0.01038	-1.19812452793121	13040.3866775075	0
0.0104	-1.13975445635151	13065.5126633987	0
0.01042	-0.400598754000384	13090.6386492898	0
0.01044	0.530344326398335	13115.764635181	0
0.01046	1.24091060593491	13140.8906210721	0
0.01048	1.24091060593491	13166.0166069633	0
0.0105	1.24091060593491	13191.1425928545	0
0.01052	0.47137864184333	13216.2685787456	0
0.01054	-0.576900194690097	13241.3945646368	0
0.01056	-1.19812452793121	13266.5205505279	0
0.01058	-1.19812452793121	13291.6465364191	0
0.0106	-1.19812452793121	13316.7725223102	0
0.01062	-0.485175796493422	13341.8985082014	0
0.01064	0.63755466195289	13367.0244940925	0
0.01066	1.24091060593491	13392.1504799837	0
0.01068	1.24091060593491	13417.2764658748	0
0.0107	1.24091060593491	13442.402451766	0
0.01072	0.532131165324245	13467.5284376571	0
0.01074	-0.646586912800558	13492.6544235483	0
0.01076	-1.19812452793121	13517.7804094394	0
0.01078	-1.19812452793121	13542.9063953306	0
0.0108	-1.19812452793121	13568.0323812217	0
0.01082	-0.506617863604333	13593.1583671129	0
0.01084	0.651253760384861	13618.284353004	0
0.01086	1.24091060593491	13643.4103388952	0
0.01088	1.24091060593491	13668.5363247863	0
0.0109	1.24091060593491	13693.6623106775	0
0.01092	0.504732968460303	13718.7882965686	0
0.01094	-0.603702778578736	13743.9142824598	0
0.01096	-1.19812452793121	13769.0402683509	0
0.01098	-1.19812452793121	13794.1662542421	0
0.011	-1.19812452793121	13819.2922401332	0
0.01102	-0.445269727148116	13844.4182260244	0
0.01104	0.563698653015308	13869.5442119155	0
0.01106	1.24091060593491	13894.6701978067	0
0.01108	1.24091060593491	13919.7961836978	0
0.0111	1.199813310639	13944.922169589	0
0.01112	0.410030505387113	13970.0481554801	0
0.01114	-0.479219666740391	13995.1741413713	0.0152750869043615
0.01116	-1.14392374717863	14020.3001272624	0
0.01118	-1.19812452793121	14045.4261131536	0
0.0112	-1.00931521476014	14070.5520990447	0
0.01122	-0.329125196964014	14095.6780849359	0
0.01124	0.412412957288325	14120.8040708271	0
0.01126	0.949060248036403	14145.9300567182	0
0.01128	1.10511084756581	14171.0560426094	0
0.0113	0.827555201074574	14196.1820285005	0
0.01132	0.277208811894525	14221.3080143917	0
0.01134	-0.324955906136893	14246.4340002828	0
0.01136	-0.748436731577385	14271.559986174	0
0.01138	-0.869346165563911	14296.6859720651	0
0.0114	-0.638248331146315	14321.8119579563	0
0.01142	-0.206428924051579	14346.9379438474	0
0.01144	0.252788679907098	14372.0639297386	0
0.01146	0.57382407359546	14397.1899156297	0
0.01148	0.657209890137892	14422.3159015209	0
0.0115	0.486268966225907	14447.441887412	0
0.01152	0.161064281710424	14472.5678733032	0
0.01154	-0.190942986693699	14497.6938591943	0.0379211647089574
0.01156	-0.433953080617357	14522.8198450855	0
0.01158	-0.49827928195009	14547.9458309766	0
0.0116	-0.366648814408109	14573.0718168678	0
0.01162	-0.121256268583238	14598.1978027589	0
0.01164	0.14498273137724	14623.3237886501	0
0.01166	0.336770109424833	14648.4497745412	0
0.01168	0.395735793979838	14673.5757604324	0
0.0117	0.29745965305483	14698.7017463235	0
0.01172	0.102098597155418	14723.8277322147	0
0.01174	-0.12542555941036	14748.9537181058	0
0.01176	-0.302918226050679	14774.079703997	0
0.01178	-0.369031266309321	14799.2056898881	0
0.0118	-0.292197192495223	14824.3316757793	0
0.01182	-0.104579105274752	14849.4576616704	0
0.01184	0.130688019969966	14874.5836475616	0
0.01186	0.333792044548318	14899.7096334527	0
0.01188	0.42492082976969	14924.8356193439	0
0.0119	0.346895530004986	14949.961605235	0
0.01192	0.127709955093451	14975.0875911262	0
0.01194	-0.165331628755666	15000.2135770174	0.0472269883019617
0.01196	-0.425018885987811	15025.3395629085	0
0.01198	-0.551288836752065	15050.4655487997	0
0.012	-0.452417082851753	15075.5915346908	0
0.01202	-0.165331628755666	15100.717520582	0
0.01204	0.220029966265429	15125.8435064731	0
0.01206	0.56608110491652	15150.9694923643	0
0.01208	0.72630099527305	15176.0954782554	0
0.0121	0.600031044508796	15201.2214641466	0
0.01212	0.220029966265429	15226.3474500377	0
0.01214	-0.286836675717495	15251.4734359289	0
0.01216	-0.740693762898445	15276.59942182	0
0.01218	-0.948562691279221	15301.7254077112	0
0.0122	-0.769283185712993	15326.8513936023	0
0.01222	-0.276711255137343	15351.9773794935	0
0.01224	0.374889339844231	15377.1033653846	0
0.01226	0.938934827456251	15402.2293512758	0
0.01228	1.18670982518233	15427.3553371669	0
0.0123	0.968715476221405	15452.4813230581	0
0.01232	0.35344727273332	15477.6073089492	0
0.01234	-0.445269727148116	15502.7332948404	0.0379473125432182
0.01236	-1.12665097089484	15527.8592807315	0
0.01238	-1.19812452793121	15552.9852666227	0
0.0124	-1.13439393957378	15578.1112525138	0
0.01242	-0.396429463173263	15603.237238405	0
0.01244	0.532726778299548	15628.3632242961	0
0.01246	1.24091060593491	15653.4892101873	0
0.01248	1.24091060593491	15678.6151960784	0
0.0125	1.24091060593491	15703.7411819696	0
0.01252	0.472569867793936	15728.8671678607	0
0.01254	-0.580473872541916	15753.9931537519	0
0.01256	-1.19812452793121	15779.119139643	0
0.01258	-1.19812452793121	15804.2451255342	0
0.0126	-1.19812452793121	15829.3711114253	0
0.01262	-0.483388957567513	15854.4970973165	0
0.01264	0.641723952780012	15879.6230832076	0
0.01266	1.24091060593491	15904.7490690988	0
0.01268	1.24091060593491	15929.8750549899	0
0.0127	1.24091060593491	15955.0010408811	0
0.01272	0.526770648546517	15980.1270267722	0
0.01274	-0.643608847924042	16005.2530126634	0.0159421764906257
0.01276	-1.19812452793121	16030.3789985546	0
0.01278	-1.19812452793121		
0.0128	-1.19812452793121		
0.01282	-0.502448572777212		
0.01284	0.659592342039105		
0.01286	1.24091060593491		
0.01288	1.24091060593491		
0.0129	1.24091060593491		
0.01292	0.501754903583787		
0.01294	-0.610850134282373		
0.01296	-1.19812452793121		
0.01298	-1.19812452793121		
0.013	-1.19812452793121		
0.01302	-0.441696049296297		
0.01304	0.571441621694248		
0.01306	1.24091060593491		
0.01308	1.24091060593491		
0.0131	1.19564401981188		
0.01312	0.406456827535294		
0.01314	-0.486962635419332		
0.01316	-1.14332813420333		
0.01318	-1.19812452793121		
0.0132	-1.00514592393301		
0.01322	-0.329125196964014		
0.01324	0.415986635140143		
0.01326	0.952633925888222		
0.01328	1.10689768649172		
0.0133	0.824577136198059		
0.01332	0.274826359993313		
0.01334	-0.326147132087499		
0.01336	-0.754392861330416		
0.01338	-0.870537391514517		
0.0134	-0.638248331146315		
0.01342	-0.207620150002185		
0.01344	0.251001840981189		
0.01346	0.57382407359546		
0.01348	0.656018664187286		
0.0135	0.480312836472876		
0.01352	0.159873055759817		
0.01354	-0.18915614776779		
0.01356	-0.433953080617357		
0.01358	-0.497683668974787		
0.0136	-0.367244427383412		
0.01362	-0.123043107509147		
0.01364	0.148556409229059		
0.01366	0.339152561326046		
0.01368	0.39216211612802		
0.0137	0.29567281412892		
0.01372	0.0985249193035997		
0.01374	-0.128999237262178		
0.01376	-0.303513839025982		
0.01378	-0.371413718210533		
0.0138	-0.289219127618708		
0.01382	-0.103387879324146		
0.01384	0.134857310797088		
0.01386	0.335578883474227		
0.01388	0.422538377868477		
0.0139	0.347491142980289		
0.01392	0.124136277241632		
0.01394	-0.167118467681576		
0.01396	-0.425018885987811		
0.01398	-0.548310771875549		
0.014	-0.452417082851753		
0.01402	-0.161757950903848		
0.01404	0.223008031141944		
0.01406	0.56786794384243		
0.01408	0.727492221223656		
0.0141	0.599435431533493		
0.01412	0.217051901388913		
0.01414	-0.29160157951992		
0.01416	-0.743076214799657		
0.01418	-0.950349530205131		
0.0142	-0.769878798688296		
0.01422	-0.271946351334918		
0.01424	0.377867404720746		
0.01426	0.941912892332766		
0.01428	1.18730543815764		
0.0143	0.962163733493071		
0.01432	0.349277981906198		
0.01434	-0.452417082851753		
0.01436	-1.13201148767257		
0.01438	-1.19812452793121		
0.0144	-1.13439393957378		
0.01442	-0.394642624247354		
0.01444	0.537491682101972		
0.01446	1.24091060593491		
0.01448	1.24091060593491		
0.0145	1.24091060593491		
0.01452	0.459466382337268		
0.01454	-0.592386132047977		
0.01456	-1.19812452793121		
0.01458	-1.19812452793121		
0.0146	-1.19812452793121		
0.01462	-0.475645988888573		
0.01464	0.645297630631831		
0.01466	1.24091060593491		
0.01468	1.24091060593491		
0.0147	1.24091060593491		
0.01472	0.517240840941668		
0.01474	-0.651947429578286		
0.01476	-1.19812452793121		
0.01478	-1.19812452793121		
0.0148	-1.19812452793121		
0.01482	-0.494705604098272		
0.01484	0.663761632866226		
0.01486	1.24091060593491		
0.01488	1.24091060593491		
0.0149	1.24091060593491		
0.01492	0.49460754788015		
0.01494	-0.614423812134191		
0.01496	-1.19812452793121		
0.01498	-1.19812452793121		
0.015	-1.19812452793121		
0.01502	-0.43454869359266		
0.01504	0.573228460620157		
0.01506	1.24091060593491		
0.01508	1.24091060593491		
0.0151	1.19266595493536		
0.01512	0.400500697782263		
0.01514	-0.489345087320544		
0.01516	-1.14392374717863		
0.01518	-1.19812452793121		
0.0152	-1.00097663310589		
0.01522	-0.324955906136893		
0.01524	0.420751538942568		
0.01526	0.953229538863525		
0.01528	1.1033240086399		
0.0153	0.822194684296846		
0.01532	0.269465843215585		
0.01534	-0.327933971013408		
0.01536	-0.75320163537981		
0.01538	-0.868154939613305		
0.0154	-0.635270266269799		
0.01542	-0.204046472150367		
0.01544	0.255766744783614		
0.01546	0.573228460620157		
0.01548	0.656614277162589		
0.0155	0.481504062423483		
0.01552	0.155108151957393		
0.01554	-0.194516664545517		
0.01556	-0.433953080617357		
0.01558	-0.497683668974787		
0.0156	-0.366053201432806		
0.01562	-0.118278203706723		
0.01564	0.147960796253756		
0.01566	0.334983270498924		
0.01568	0.39216211612802		
0.0157	0.294481588178314		
0.01572	0.0937600155011751		
0.01574	-0.131977302138694		
0.01576	-0.303513839025982		
0.01578	-0.373796170111746		
0.0158	-0.286241062742192		
0.01582	-0.10040981444763		
0.01584	0.136048536747694		
0.01586	0.33617449644953		
0.01588	0.421347151917871		
0.0159	0.344513078103773		
0.01592	0.120562599389814		
0.01594	-0.171287758508697		
0.01596	-0.429188176814932		
0.01598	-0.548906384850852		
0.016	-0.448843404999934		
0.01602	-0.159375499002635		
0.01604	0.227177321969066		
0.01606	0.570250395743642		
0.01608	0.725109769322444		
0.0161	0.598244205582887		
0.01612	0.211691384611186		
0.01614	-0.296962096297648		
0.01616	-0.74545866670087		
0.01618	-0.947967078303918		
0.0162	-0.765113894885872		
0.01622	-0.264203382655978		
0.01624	0.386205986374989		
0.01626	0.944890957209282		
0.01628	1.18849666410824		
0.0163	0.958590055641253		
0.01632	0.339152561326046		
0.01634	-0.458968825580087		
0.01636	-1.1379676174256		
0.01638	-1.19812452793121		
0.0164	-1.12784219684545		
0.01642	-0.382730364741292		
0.01644	0.549999554583337		
0.01646	1.24091060593491		
0.01648	1.24091060593491		
0.0165	1.24091060593491		
0.01652	0.451723413658328		
0.01654	-0.600129100726917		
0.01656	-1.19812452793121		
0.01658	-1.19812452793121		
0.0166	-1.19812452793121		
0.01662	-0.46730740723433		
0.01664	0.660783567989711		
0.01666	1.24091060593491		
0.01668	1.24091060593491		
0.0167	1.24091060593491		
0.01672	0.507115420361515		
0.01674	-0.663859689084347		
0.01676	-1.19812452793121		
0.01678	-1.19812452793121		
0.0168	-1.19812452793121		
0.01682	-0.483388957567513		
0.01684	0.679247570224106		
0.01686	1.24091060593491		
0.01688	1.24091060593491		
0.0169	1.24091060593491		
0.01692	0.481504062423483		
0.01694	-0.626931684615556		
0.01696	-1.19812452793121		
0.01698	-1.19812452793121		
0.017	-1.19812452793121		
0.01702	-0.423827660037205		
0.01704	0.589310010953341		
0.01706	1.24091060593491		
0.01708	1.24091060593491		
0.0171	1.18611421220703		
0.01712	0.390375277202111		
0.01714	-0.503044185752515		
0.01716	-1.15107110288227		
0.01718	-1.19812452793121		
0.0172	-0.994424890377559		
0.01722	-0.313639259606134		
0.01724	0.430281346547417		
0.01726	0.960376894567162		
0.01728	1.10689768649172		
0.0173	0.816834167519119		
0.01732	0.262318487511948		
0.01734	-0.336272552667651		
0.01736	-0.757370926206931		
0.01738	-0.868750552588608		
0.0174	-0.629909749492072		
0.01742	-0.193921051570214		
0.01744	0.262318487511948		
0.01746	0.581567042274401		
0.01748	0.655423051211983		
0.0175	0.479717223497573		
0.01752	0.147960796253756		
0.01754	-0.198090342397336		
0.01756	-0.435739919543266		
0.01758	-0.496492443024181		
0.0176	-0.364266362506896		
0.01762	-0.115300138830207		
0.01764	0.150343248154968		
0.01766	0.340343787276652		
0.01768	0.390970890177414		
0.0177	0.293290362227708		
0.01772	0.093164402525872		
0.01774	-0.133764141064603		
0.01776	-0.306491903902497		
0.01778	-0.369626879284624		
0.0178	-0.286836675717495		
0.01782	-0.0980273625464179		
0.01784	0.140217827574816		
0.01786	0.338556948350742		
0.01788	0.422538377868477		
0.0179	0.338556948350742		
0.01792	0.118775760463905		
0.01794	-0.176648275286425		
0.01796	-0.433953080617357		
0.01798	-0.551884449727368		
0.018	-0.445269727148116		
0.01802	-0.155801821150817		
0.01804	0.230155386845581		
0.01806	0.573228460620157		
0.01808	0.728683447174262		
0.0181	0.592883688805159		
0.01812	0.207522093784064		
0.01814	-0.302322613075376		
0.01816	-0.750819183478598		
0.01818	-0.948562691279221		
0.0182	-0.762731442984659		
0.01822	-0.261820930754766		
0.01824	0.394544568029232		
0.01826	0.951442699937615		
0.01828	1.19028350303415		
0.0183	0.95620760374004		
0.01832	0.332600818597712		
0.01834	-0.472072311036754		
0.01836	-1.14749742503045		
0.01838	-1.19812452793121		
0.0184	-1.12248168006772		
0.01842	-0.374987396062352		
0.01844	0.560720588138793		
0.01846	1.24091060593491		
0.01848	1.24091060593491		
0.0185	1.24091060593491		
0.01852	0.442789219028782		
0.01854	-0.606085230479948		
0.01856	-1.19812452793121		
0.01858	-1.19812452793121		
0.0186	-1.19812452793121		
0.01862	-0.455990760703571		
0.01864	0.670908988569863		
0.01866	1.24091060593491		
0.01868	1.24091060593491		
0.0187	1.24091060593491		
0.01872	0.495798773830757		
0.01874	-0.671602657763287		
0.01876	-1.19812452793121		
0.01878	-1.19812452793121		
0.0188	-1.19812452793121		
0.01882	-0.469689859135542		
0.01884	0.691159829730168		
0.01886	1.24091060593491		
0.01888	1.24091060593491		
0.0189	1.24091060593491		
0.01892	0.470783028868027		
0.01894	-0.635270266269799		
0.01896	-1.19812452793121		
0.01898	-1.19812452793121		
0.019	-1.19812452793121		
0.01902	-0.413106626481749		
0.01904	0.595266140706371		
0.01906	1.24091060593491		
0.01908	1.24091060593491		
0.0191	1.180158082454		
0.01912	0.382632308523171		
0.01914	-0.507809089554939		
0.01916	-1.15881407156121		
0.01918	-1.19812452793121		
0.0192	-0.987873147649225		
0.01922	-0.308278742828406		
0.01924	0.434450637374539		
0.01926	0.964546185394283		
0.01928	1.10094155673869		
0.0193	0.811473650741391		
0.01932	0.256362357758917		
0.01934	-0.341633069445379		
0.01936	-0.758562152157538		
0.01938	-0.864581261761487		
0.0194	-0.625144845689647		
0.01942	-0.190347373718396		
0.01944	0.267679004289675		
0.01946	0.580971429299097		
0.01948	0.657209890137892		
0.0195	0.476739158621058		
0.01952	0.147960796253756		
0.01954	-0.199281568347942		
0.01956	-0.438717984419782		
0.01958	-0.495301217073575		
0.0196	-0.358905845729169		
0.01962	-0.111726460978389		
0.01964	0.15451253898209		
0.01966	0.340939400251955		
0.01968	0.392757729103323		
0.0197	0.292099136277102		
0.01972	0.0913775635999627		
0.01974	-0.1331685280893		
0.01976	-0.307683129853103		
0.01978	-0.369626879284624		
0.0198	-0.285645449766889		
0.01982	-0.0944536846945994		
0.01984	0.142004666500725		
0.01986	0.339748174301349		
0.01988	0.427898894646205		
0.0199	0.340939400251955		
0.01992	0.115202082612086		
0.01994	-0.180817566113546		
0.01996	-0.432761854666751		
0.01998	-0.548906384850852		
0.02	-0.444078501197509		
0.02002	-0.150441304373089		
0.02004	0.238493968499824		
0.02006	0.57561091252137		
0.02008	0.724514156347141		
0.0201	0.591692462854553		
0.02012	0.203352802956942		
0.02014	-0.308278742828406		
0.02016	-0.754988474305719		
0.02018	-0.949753917229827		
0.0202	-0.759157765132841		
0.02022	-0.252291123149917		
0.02024	0.397522632905748		
0.02026	0.956803216715343		
0.02028	1.18670982518233		
0.0203	0.9484646350611		
0.02032	0.323666623968165		
0.02034	-0.476837214839179		
0.02036	-1.15107110288227		
0.02038	-1.19812452793121		
0.0204	-1.11295187246287		
0.02042	-0.364266362506896		
0.02044	0.572037234669551		
0.02046	1.24091060593491		
0.02048	1.24091060593491		
0.0205	1.24091060593491		
0.02052	0.428494507621508		
0.02054	-0.619784328911919		
0.02056	-1.19812452793121		
0.02058	-1.19812452793121		
0.0206	-1.19812452793121		
0.02062	-0.440504823345691		
0.02064	0.683416861051228		
0.02066	1.24091060593491		
0.02068	1.24091060593491		
0.0207	1.24091060593491		
0.02072	0.482695288374089		
0.02074	-0.688875434047077		
0.02076	-1.19812452793121		
0.02078	-1.19812452793121		
0.0208	-1.19812452793121		
0.02082	-0.45956443855539		
0.02084	0.700689637335017		
0.02086	1.24091060593491		
0.02088	1.24091060593491		
0.0209	1.24091060593491		
0.02092	0.461253221263178		
0.02094	-0.64896936470177		
0.02096	-1.19812452793121		
0.02098	-1.19812452793121		
0.021	-1.19812452793121		
0.02102	-0.400003141025081		
0.02104	0.607178400212433		
0.02106	1.24091060593491		
0.02108	1.24091060593491		
0.0211	1.17241511377506		
0.02112	0.374889339844231		
0.02114	-0.519125736085698		
0.02116	-1.16000529751182		
0.02118	-1.19812452793121		
0.0212	-0.9831082438468		
0.02122	-0.296962096297648		
0.02124	0.443980444979388		
0.02126	0.966333024320193		
0.02128	1.09975033078808		
0.0213	0.806708746938966		
0.02132	0.248619389079977		
0.02134	-0.34758919919841		
0.02136	-0.761540217034053		
0.02138	-0.86517687473679		
0.0214	-0.624549232714344		
0.02142	-0.18736930884188		
0.02144	0.269465843215585		
0.02146	0.580971429299097		
0.02148	0.653636212286074		
0.0215	0.473165480769239		
0.02152	0.146173957327846		
0.02154	-0.201068407273851		
0.02156	-0.436931145493872		
0.02158	-0.493514378147665		
0.0216	-0.360692684655078		
0.02162	-0.109344009077176		
0.02164	0.155108151957393		
0.02166	0.342726239177864		
0.02168	0.390970890177414		
0.0217	0.289121071400586		
0.02172	0.0901863376493566		
0.02174	-0.133764141064603		
0.02176	-0.307683129853103		
0.02178	-0.370222492259927		
0.0218	-0.284454223816283		
0.02182	-0.0956449106452055		
0.02184	0.140813440550119		
0.02186	0.339748174301349		
0.02188	0.420155925967265		
0.0219	0.339152561326046		
0.02192	0.114606469636783		
0.02194	-0.180221953138243		
0.02196	-0.435144306567963		
0.02198	-0.551288836752065		
0.022	-0.445865340123419		
0.02202	-0.14865446544718		
0.02204	0.240280807425734		
0.02206	0.577397751447279		
0.02208	0.72630099527305		
0.0221	0.59109684987925		
0.02212	0.199779125105124		
0.02214	-0.310661194729619		
0.02216	-0.758562152157538		
0.02218	-0.947967078303918		
0.0222	-0.753797248355113		
0.02222	-0.246334993396886		
0.02224	0.406456827535294		
0.02226	0.957398829690646		
0.02228	1.18670982518233		
0.0223	0.945486570184585		
0.02232	0.317114881239831		
0.02234	-0.489940700295847		
0.02236	-1.15404916775879		
0.02238	-1.19812452793121		
0.0224	-1.10818696866045		
0.02242	-0.356523393827956		
0.02244	0.577993364422582		
0.02246	1.24091060593491		
0.02248	1.24091060593491		
0.0225	1.24091060593491		
0.02252	0.420155925967265		
0.02254	-0.631100975442678		
0.02256	-1.19812452793121		
0.02258	-1.19812452793121		
0.0226	-1.19812452793121		
0.02262	-0.431570628716145		
0.02264	0.697115959483199		
0.02266	1.24091060593491		
0.02268	1.24091060593491		
0.0227	1.24091060593491		
0.02272	0.466613738040905		
0.02274	-0.701978919503745		
0.02276	-1.19812452793121		
0.02278	-1.19812452793121		
0.0228	-1.19812452793121		
0.02282	-0.447056566074025		
0.02284	0.711410670890473		
0.02286	1.24091060593491		
0.02288	1.24091060593491		
0.0229	1.24091060593491		
0.02292	0.443980444979388		
0.02294	-0.659094785281923		
0.02296	-1.19812452793121		
0.02298	-1.19812452793121		
0.023	-1.19812452793121		
0.02302	-0.38809088151902		
0.02304	0.615516981866676		
0.02306	1.24091060593491		
0.02308	1.24091060593491		
0.0231	1.1616940802196		
0.02312	0.35940340248635		
0.02314	-0.529846769641154		
0.02316	-1.16417458833894		
0.02318	-1.19812452793121		
0.0232	-0.974174049217254		
0.02322	-0.288623514643405		
0.02324	0.449340961757116		
0.02326	0.968715476221405		
0.02328	1.09915471781278		
0.0233	0.801943843136542		
0.02332	0.243854485277552		
0.02334	-0.352949715976138		
0.02336	-0.766305120836478		
0.02338	-0.86517687473679		
0.0234	-0.619188715936616		
0.02342	-0.182008792064153		
0.02344	0.274826359993313		
0.02346	0.582758268225007		
0.02348	0.650062534434255		
0.0235	0.470187415892724		
0.02352	0.140217827574816		
0.02354	-0.206428924051579		
0.02356	-0.441100436320994		
0.02358	-0.494705604098272		
0.0236	-0.354140941926744		
0.02362	-0.106365944200661		
0.02364	0.158086216833908		
0.02366	0.34391746512847		
0.02368	0.394544568029232		
0.0237	0.28971668437589		
0.02372	0.0895907246740535		
0.02374	-0.137337818916421		
0.02376	-0.311256807704922		
0.02378	-0.367840040358715		
0.0238	-0.283262997865677		
0.02382	-0.092071232793387		
0.02384	0.144387118401937		
0.02386	0.345108691079076		
0.02388	0.422538377868477		
0.0239	0.337961335375439		
0.02392	0.111628404760268		
0.02394	-0.184986856940668		
0.02396	-0.436931145493872		
0.02398	-0.554862514603883		
0.024	-0.439909210370388		
0.02402	-0.145080787595361		
0.02404	0.247428163129371		
0.02406	0.582162655249704		
0.02408	0.726896608248353		
0.0241	0.588714397978038		
0.02412	0.19322738237679		
0.02414	-0.320191002334468		
0.02416	-0.76094460405875		
0.02418	-0.952731982106343		
0.0242	-0.753797248355113		
0.02422	-0.242165702569764		
0.02424	0.412412957288325		
0.02426	0.96395057241898		
0.02428	1.19028350303415		
0.0243	0.941912892332766		
0.02432	0.305798234709073		
0.02434	-0.495896830048878		
0.02436	-1.16119652346242		
0.02438	-1.19812452793121		
0.0244	-1.10520890378393		
0.02442	-0.345206747297198		
0.02444	0.590501236903947		
0.02446	1.24091060593491		
0.02448	1.24091060593491		
0.0245	1.24091060593491		
0.02452	0.406456827535294		
0.02454	-0.645991299825255		
0.02456	-1.19812452793121		
0.02458	-1.19812452793121		
0.0246	-1.19812452793121		
0.02462	-0.416680304333568		
0.02464	0.707836993038654		
0.02466	1.24091060593491		
0.02468	1.24091060593491		
0.0247	1.24091060593491		
0.02472	0.456488317460753		
0.02474	-0.71448679198511		
0.02476	-1.19812452793121		
0.02478	-1.19812452793121		
0.0248	-1.19812452793121		
0.02482	-0.433357467642054		
0.02484	0.723322930396535		
0.02486	1.24091060593491		
0.02488	1.24091060593491		
0.0249	1.24091060593491		
0.02492	0.433855024399236		
0.02494	-0.673389496689197		
0.02496	-1.19812452793121		
0.02498	-1.19812452793121		
0.025	-1.19812452793121		
0.02502	-0.376178622012958		
0.02504	0.629216080298647		
0.02506	1.24091060593491		
0.02508	1.24091060593491		
0.0251	1.15275988559006		
0.02512	0.348682368930895		
0.02514	-0.536994125344791		
0.02516	-1.17072633106727		
0.02518	-1.19812452793121		
0.0252	-0.967026693513617		
0.02522	-0.280284932989161		
0.02524	0.459466382337268		
0.02526	0.97348038002383		
0.02528	1.10034594376339		
0.0253	0.793009648506995		
0.02532	0.234324677672703		
0.02534	-0.360692684655078		
0.02536	-0.766305120836478		
0.02538	-0.862198809860274		
0.0254	-0.609658908331767		
0.02542	-0.174861436360516		
0.02544	0.280782489746343		
0.02546	0.585140720126219		
0.02548	0.652444986335468		
0.0255	0.465422512090299		
0.02552	0.133666084846482		
0.02554	-0.209406988928094		
0.02556	-0.439909210370388		
0.02558	-0.492323152197059		
0.0256	-0.351162877050228		
0.02562	-0.102792266348843		
0.02564	0.161659894685727		
0.02566	0.344513078103773		
0.02568	0.387992825300898		
0.0257	0.286143006524071		
0.02572	0.0842302078963257		
0.02574	-0.141507109743543		
0.02576	-0.312448033655528		
0.02578	-0.369626879284624		
0.0258	-0.282071771915071		
0.02582	-0.0890931679168716		
0.02584	0.150343248154968		
0.02586	0.346299917029683		
0.02588	0.421942764893174		
0.0259	0.331409592647105		
0.02592	0.103885436081328		
0.02594	-0.186178082891274		
0.02596	-0.441696049296297		
0.02598	-0.548310771875549		
0.026	-0.43454869359266		
0.02602	-0.139720270817634		
0.02604	0.252788679907098		
0.02606	0.586331946076825		
0.02608	0.725705382297747		
0.0261	0.578588977397885		
0.02612	0.186080026673153		
0.02614	-0.326742745062802		
0.02616	-0.765113894885872		
0.02618	-0.950349530205131		
0.0262	-0.743076214799657		
0.02622	-0.232635894964915		
0.02624	0.421942764893174		
0.02626	0.97348038002383		
0.02628	1.18968789005885		
0.0263	0.933574310678523		
0.02632	0.296268427104223		
0.02634	-0.507213476579636		
0.02636	-1.16834387916606		
0.02638	-1.19812452793121		
0.0264	-1.09210541832726		
0.02642	-0.33210326184053		
0.02644	0.601817883434705		
0.02646	1.24091060593491		
0.02648	1.24091060593491		
0.0265	1.24091060593491		
0.02652	0.392757729103323		
0.02654	-0.657903559331316		
0.02656	-1.19812452793121		
0.02658	-1.19812452793121		
0.0266	-1.19812452793121		
0.02662	-0.4035768188769		
0.02664	0.720344865520019		
0.02666	1.24091060593491		
0.02668	1.24091060593491		
0.0267	1.24091060593491		
0.02672	0.442789219028782		
0.02674	-0.72818589041708		
0.02676	-1.19812452793121		
0.02678	-1.19812452793121		
0.0268	-1.19812452793121		
0.02682	-0.417275917308871		
0.02684	0.738213254779112		
0.02686	1.24091060593491		
0.02688	1.24091060593491		
0.0269	1.24091060593491		
0.02692	0.418369087041356		
0.02694	-0.684706143219955		
0.02696	-1.19812452793121		
0.02698	-1.19812452793121		
0.027	-1.19812452793121		
0.02702	-0.366053201432806		
0.02704	0.636959048977587		
0.02706	1.24091060593491		
0.02708	1.24091060593491		
0.0271	1.14620814286172		
0.02712	0.336770109424833		
0.02714	-0.545332706999034		
0.02716	-1.17489562189439		
0.02718	-1.19812452793121		
0.0272	-0.961666176735889		
0.02722	-0.272541964310221		
0.02724	0.464231286139693		
0.02726	0.976458444900345		
0.02728	1.09558103996096		
0.0273	0.791818422556389		
0.02732	0.227772934944369		
0.02734	-0.366053201432806		
0.02736	-0.770474411663599		
0.02738	-0.861603196884971		
0.0274	-0.607872069405858		
0.02742	-0.170096532558091		
0.02744	0.283164941647556		
0.02746	0.588118785002734		
0.02748	0.650658147409558		
0.0275	0.460657608287875		
0.02752	0.130092406994663		
0.02754	-0.214767505705822		
0.02756	-0.440504823345691		
0.02758	-0.491131926246453		
0.0276	-0.34758919919841		
0.02762	-0.0986229755217209		
0.02764	0.164042346586939		
0.02766	0.348086755955592		
0.02768	0.39216211612802		
0.0277	0.283164941647556		
0.02772	0.0806565300445072		
0.02774	-0.145080787595361		
0.02776	-0.311852420680225		
0.02778	-0.369031266309321		
0.0278	-0.277902481087949		
0.02782	-0.0843282641144469		
0.02784	0.15272570005618		
0.02786	0.348086755955592		
0.02788	0.422538377868477		
0.0279	0.332600818597712		
0.02792	0.100907371204812		
0.02794	-0.18915614776779		
0.02796	-0.445269727148116		
0.02798	-0.550097610801458		
0.028	-0.436335532518569		
0.02802	-0.132572915113997		
0.02804	0.253384292882402		
0.02806	0.586927559052128		
0.02808	0.728087834198959		
0.0281	0.576206525496673		
0.02812	0.181910735846031		
0.02814	-0.331507648865227		
0.02816	-0.769283185712993		
0.02818	-0.950945143180434		
0.0282	-0.742480601824354		
0.02822	-0.223701700335369		
0.02824	0.427898894646205		
0.02826	0.974671605974436		
0.02828	1.18968789005885		
0.0283	0.931191858777311		
0.02832	0.28971668437589		
0.02834	-0.514956445258576		
0.02836	-1.17132194404257		
0.02838	-1.19812452793121		
0.0284	-1.08853174047545		
0.02842	-0.32436029316159		
0.02844	0.612538916990161		
0.02846	1.24091060593491		
0.02848	1.24091060593491		
0.0285	1.24091060593491		
0.02852	0.382632308523171		
0.02854	-0.671602657763287		
0.02856	-1.19812452793121		
0.02858	-1.19812452793121		
0.0286	-1.19812452793121		
0.02862	-0.392855785321444		
0.02864	0.732257125026081		
0.02866	1.24091060593491		
0.02868	1.24091060593491		
0.0287	1.24091060593491		
0.02872	0.427303281670902		
0.02874	-0.741884988849051		
0.02876	-1.19812452793121		
0.02878	-1.19812452793121		
0.0288	-1.19812452793121		
0.02882	-0.405363657802809		
0.02884	0.747147449408658		
0.02886	1.24091060593491		
0.02888	1.24091060593491		
0.0289	1.24091060593491		
0.02892	0.4076480534859		
0.02894	-0.696618402726017		
0.02896	-1.19812452793121		
0.02898	-1.19812452793121		
0.029	-1.19812452793121		
0.02902	-0.358905845729169		
0.02904	0.646488856582437		
0.02906	1.24091060593491		
0.02908	1.24091060593491		
0.0291	1.14025201310869		
0.02912	0.32843152777059		
0.02914	-0.55426690162858		
0.02916	-1.17906491272151		
0.02918	-1.19812452793121		
0.0292	-0.955710046982858		
0.02922	-0.2683726734831		
0.02924	0.469591802917421		
0.02926	0.977649670850951		
0.02928	1.09617665293626		
0.0293	0.785266679828055		
0.02932	0.223603644117247		
0.02934	-0.368435653334018		
0.02936	-0.772261250589509		
0.02938	-0.861603196884971		
0.0294	-0.606085230479948		
0.02942	-0.165331628755666		
0.02944	0.286738619499374		
0.02946	0.586927559052128		
0.02948	0.649466921458952		
0.0295	0.461253221263178		
0.02952	0.128901181044057		
0.02954	-0.214767505705822		
0.02956	-0.444674114172813		
0.02958	-0.494109991122969		
0.0296	-0.346993586223107		
0.02962	-0.0980273625464179		
0.02964	0.163446733611636		
0.02966	0.346895530004986		
0.02968	0.389184051251505		
0.0297	0.279591263795737		
0.02972	0.078869691118598		
0.02974	-0.142698335694149		
0.02976	-0.313043646630831		
0.02978	-0.369626879284624		
0.0298	-0.276711255137343		
0.02982	-0.0831370381638408		
0.02984	0.15451253898209		
0.02986	0.344513078103773		
0.02988	0.421347151917871		
0.0299	0.331409592647105		
0.02992	0.102694210130721		
0.02994	-0.195112277520821		
0.02996	-0.445269727148116		
0.02998	-0.549501997826155		
0.03	-0.433357467642054		
0.03002	-0.135550979990512		
0.03004	0.255171131808311		
0.03006	0.588118785002734		
0.03008	0.726896608248353		
0.0301	0.576206525496673		
0.03012	0.17774144501891		
0.03014	-0.33210326184053		
0.03016	-0.772261250589509		
0.03018	-0.949753917229827		
0.0302	-0.742480601824354		
0.03022	-0.225488539261278		
0.03024	0.43266379844863		
0.03026	0.977054057875648		
0.03028	1.18968789005885		
0.0303	0.927022567950189		
0.03032	0.284951780573465		
0.03034	-0.519125736085698		
0.03036	-1.1754912348697		
0.03038	-1.19812452793121		
0.0304	-1.08793612750014		
0.03042	-0.320786615309771		
0.03044	0.619090659718495		
0.03046	1.24091060593491		
0.03048	1.24091060593491		
0.0305	1.24091060593491		
0.03052	0.380249856621958		
0.03054	-0.6739851096645		
0.03056	-1.19812452793121		
0.03058	-1.19812452793121		
0.0306	-1.19812452793121		
0.03062	-0.390473333420232		
0.03064	0.737022028828505		
0.03066	1.24091060593491		
0.03068	1.24091060593491		
0.0307	1.24091060593491		
0.03072	0.426112055720296		
0.03074	-0.743076214799657		
0.03076	-1.19812452793121		
0.03078	-1.19812452793121		
0.0308	-1.19812452793121		
0.03082	-0.402385592926294		
0.03084	0.752507966186386		
0.03086	1.24091060593491		
0.03088	1.24091060593491		
0.0309	1.24091060593491		
0.03092	0.405861214559991		
0.03094	-0.699000854627229		
0.03096	-1.19812452793121		
0.03098	-1.19812452793121		
0.031	-1.19812452793121		
0.03102	-0.352949715976138		
0.03104	0.650658147409558		
0.03106	1.24091060593491		
0.03108	1.24091060593491		
0.0311	1.13548710930627		
0.03112	0.326049075869378		
0.03114	-0.557840579480398		
0.03116	-1.18085175164742		
0.03118	-1.19812452793121		
0.0312	-0.952731982106343		
0.03122	-0.263012156705372		
0.03124	0.470783028868027		
0.03126	0.980627735727467		
0.03128	1.09617665293626		
0.0313	0.780501776025631		
0.03132	0.222412418166641		
0.03134	-0.372009331185836		
0.03136	-0.773452476540115		
0.03138	-0.858625132008456		
0.0314	-0.603107165603433		
0.03142	-0.161757950903848		
0.03144	0.286738619499374		
0.03146	0.589905623928644		
0.03148	0.649466921458952		
0.0315	0.460061995312572		
0.03152	0.127114342118148		
0.03154	-0.216554344631732		
0.03156	-0.445865340123419		
0.03158	-0.492323152197059		
0.0316	-0.345206747297198		
0.03162	-0.0980273625464179		
0.03164	0.167020411463454		
0.03166	0.349277981906198		
0.03168	0.389184051251505		
0.0317	0.28018687677104		
0.03172	0.0764872392173857		
0.03174	-0.147463239496574		
0.03176	-0.312448033655528		
0.03178	-0.369626879284624		
0.0318	-0.277902481087949		
0.03182	-0.0843282641144469		
0.03184	0.155108151957393		
0.03186	0.349277981906198		
0.03188	0.426112055720296		
0.0319	0.331409592647105		
0.03192	0.100311758229509		
0.03194	-0.195707890496124		
0.03196	-0.448247792024631		
0.03198	-0.551884449727368		
0.032	-0.432761854666751		
0.03202	-0.128999237262178		
0.03204	0.262318487511948		
0.03206	0.594670527731068		
0.03208	0.731065899075475		
0.0321	0.576802138471976		
0.03212	0.177145832043607		
0.03214	-0.340441843494773		
0.03216	-0.777026154391933		
0.03218	-0.948562691279221		
0.0322	-0.73771569802193		
0.03222	-0.215958731656428		
0.03224	0.438619928201661		
0.03226	0.982414574653376		
0.03228	1.19087911600946		
0.0323	0.92523572902428		
0.03232	0.278995650820434		
0.03234	-0.525081865838729		
0.03236	-1.18025613867212		
0.03238	-1.19812452793121		
0.0324	-1.07721509394469		
0.03242	-0.30887435580371		
0.03244	0.629216080298647		
0.03246	1.24091060593491		
0.03248	1.24091060593491		
0.0325	1.24091060593491		
0.03252	0.36714637116529		
0.03254	-0.682919304294046		
0.03256	-1.19812452793121		
0.03258	-1.19812452793121		
0.0326	-1.19812452793121		
0.03262	-0.373200557136442		
0.03264	0.750721127260476		
0.03266	1.24091060593491		
0.03268	1.24091060593491		
0.0327	1.24091060593491		
0.03272	0.408839279436506		
0.03274	-0.756775313231628		
0.03276	-1.19812452793121		
0.03278	-1.19812452793121		
0.0328	-1.19812452793121		
0.03282	-0.387495268543717		
0.03284	0.764420225692447		
0.03286	1.24091060593491		
0.03288	1.24091060593491		
0.0329	1.24091060593491		
0.03292	0.389184051251505		
0.03294	-0.709721888182685		
0.03296	-1.19812452793121		
0.03298	-1.19812452793121		
0.033	-1.19812452793121		
0.03302	-0.337463778618257		
0.03304	0.661974793940317		
0.03306	1.24091060593491		
0.03308	1.24091060593491		
0.0331	1.12893536657793		
0.03312	0.311754364462104		
0.03314	-0.566179161134642		
0.03316	-1.18442542949924		
0.03318	-1.19812452793121		
0.0332	-0.947371465328615		
0.03322	-0.251695510174613		
0.03324	0.480908449448179		
0.03326	0.983010187628679		
0.03328	1.09379420103505		
0.0333	0.779906163050327		
0.03332	0.212286997586489		
0.03334	-0.380943525815383		
0.03336	-0.775834928441327		
0.03338	-0.857433906057849		
0.0334	-0.597151035850402		
0.03342	-0.155801821150817		
0.03344	0.290907910326496		
0.03346	0.590501236903947		
0.03348	0.648275695508346		
0.0335	0.455297091510147		
0.03352	0.121158212365117		
0.03354	-0.22012802248355		
0.03356	-0.445865340123419		
0.03358	-0.491727539221756		
0.0336	-0.340441843494773		
0.03362	-0.0896887808921747		
0.03364	0.170594089315273		
0.03366	0.349277981906198		
0.03368	0.386801599350292		
0.0337	0.279591263795737		
0.03372	0.0741047873161733		
0.03374	-0.150441304373089		
0.03376	-0.31661732448265		
0.03378	-0.37081810523523		
0.0338	-0.274924416211434		
0.03382	-0.0819458122132346		
0.03384	0.158681829809211		
0.03386	0.351064820832107		
0.03388	0.424325216794386		
0.0339	0.327240301819984		
0.03392	0.0961424674023874		
0.03394	-0.198685955372639		
0.03396	-0.447652179049328		
0.03398	-0.550097610801458		
0.034	-0.428592563839629		
0.03402	-0.124829946435057		
0.03404	0.262914100487251		
0.03406	0.593479301780462		
0.03408	0.729874673124868		
0.0341	0.571441621694248		
0.03412	0.168211637414061		
0.03414	-0.345206747297198		
0.03416	-0.778812993317842		
0.03418	-0.950349530205131		
0.0342	-0.732355181244202		
0.03422	-0.211193827854004		
0.03424	0.443384832004085		
0.03426	0.987775091431104		
0.03428	1.18730543815764		
0.0343	0.918088373320643		
0.03432	0.270657069166191		
0.03434	-0.535207286418881		
0.03436	-1.18502104247455		
0.03438	-1.19812452793121		
0.0344	-1.07661948096938		
0.03442	-0.301727000100072		
0.03444	0.632789758150466		
0.03446	1.24091060593491		
0.03448	1.24091060593491		
0.0345	1.23614570213249		
0.03452	0.355234111659229		
0.03454	-0.691257885948289		
0.03456	-1.19812452793121		
0.03458	-1.19812452793121		
0.0346	-1.19812452793121		
0.03462	-0.365457588457502		
0.03464	0.757868482964113		
0.03466	1.24091060593491		
0.03468	1.24091060593491		
0.0347	1.24091060593491		
0.03472	0.401691923732869		
0.03474	-0.765113894885872		
0.03476	-1.19812452793121		
0.03478	-1.19812452793121		
0.0348	-1.19812452793121		
0.03482	-0.374987396062352		
0.03484	0.7745456462726		
0.03486	1.24091060593491		
0.03488	1.24091060593491		
0.0349	1.24091060593491		
0.03492	0.379058630671352		
0.03494	-0.721038534713443		
0.03496	-1.19812452793121		
0.03498	-1.19812452793121		
0.035	-1.19812452793121		
0.03502	-0.329720809939317		
0.03504	0.668526536668651		
0.03506	1.24091060593491		
0.03508	1.24091060593491		
0.0351	1.12059678492369		
0.03512	0.304607008758467		
0.03514	-0.572730903862976		
0.03516	-1.18919033330167		
0.03518	-1.19812452793121		
0.0352	-0.940819722600281		
0.03522	-0.246930606372189		
0.03524	0.48686457920121		
0.03526	0.984797026554588		
0.03528	1.09081613615854		
0.0353	0.772163194371387		
0.03532	0.208117706759367		
0.03534	-0.380347912840079		
0.03536	-0.778217380342539		
0.03538	-0.855051454156637		
0.0354	-0.593577357998583		
0.03542	-0.149845691397786		
0.03544	0.296864040079527		
0.03546	0.594670527731068		
0.03548	0.645893243607134		
0.0355	0.453510252584238		
0.03552	0.119966986414511		
0.03554	-0.222510474384762		
0.03556	-0.447652179049328		
0.03558	-0.489345087320544		
0.0356	-0.344015521346591		
0.03562	-0.0896887808921747		
0.03564	0.171785315265879		
0.03566	0.350469207856804		
0.03568	0.388588438276201		
0.0357	0.277208811894525		
0.03572	0.0729135613655671		
0.03574	-0.151632530323695		
0.03576	-0.316021711507346		
0.03578	-0.369626879284624		
0.0358	-0.273733190260828		
0.03582	-0.0789677473367192		
0.03584	0.16046866873512		
0.03586	0.35344727273332		
0.03588	0.422538377868477		
0.0359	0.325453462894075		
0.03592	0.0949512414517812		
0.03594	-0.201068407273851		
0.03596	-0.451225856901146		
0.03598	-0.552480062702671		
0.036	-0.428592563839629		
0.03602	-0.12363872048445		
0.03604	0.268870230240282		
0.03606	0.595861753681675		
0.03608	0.728087834198959		
0.0361	0.569059169793036		
0.03612	0.164637959562242		
0.03614	-0.34758919919841		
0.03616	-0.778812993317842		
0.03618	-0.950349530205131		
0.0362	-0.728781503392383		
0.03622	-0.205237698100973		
0.03624	0.452319026633631		
0.03626	0.989561930357013		
0.03628	1.18968789005885		
0.0363	0.913323469518218		
0.03632	0.262318487511948		
0.03634	-0.540567803196609		
0.03636	-1.18740349437576		
0.03638	-1.19812452793121		
0.0364	-1.06947212526575		
0.03642	-0.292197192495223		
0.03644	0.644702017656527		
0.03646	1.24091060593491		
0.03648	1.24091060593491		
0.0365	1.23078518535476		
0.03652	0.346895530004986		
0.03654	-0.701978919503745		
0.03656	-1.19812452793121		
0.03658	-1.19812452793121		
0.0366	-1.19812452793121		
0.03662	-0.354140941926744		
0.03664	0.769780742470175		
0.03666	1.24091060593491		
0.03668	1.24091060593491		
0.0367	1.24091060593491		
0.03672	0.388588438276201		
0.03674	-0.77643054141663		
0.03676	-1.19812452793121		
0.03678	-1.19812452793121		
0.0368	-1.19812452793121		
0.03682	-0.364266362506896		
0.03684	0.788244744704571		
0.03686	1.24091060593491		
0.03688	1.24091060593491		
0.0369	1.24091060593491		
0.03692	0.368337597115897		
0.03694	-0.728781503392383		
0.03696	-1.19812452793121		
0.03698	-1.19812452793121		
0.037	-1.19812452793121		
0.03702	-0.318404163408559		
0.03704	0.678651957248803		
0.03706	1.24091060593491		
0.03708	1.24091060593491		
0.0371	1.11702310707187		
0.03712	0.29745965305483		
0.03714	-0.578687033616006		
0.03716	-1.19038155925227		
0.03718	-1.19812452793121		
0.0372	-0.934267979871947		
0.03722	-0.236805185792036		
0.03724	0.49460754788015		
0.03726	0.989561930357013		
0.03728	1.09141174913384		
0.0373	0.767398290568963		
0.03732	0.198587899154518		
0.03734	-0.389877720444929		
0.03736	-0.778217380342539		
0.03738	-0.854455841181334		
0.0374	-0.589408067171462		
0.03742	-0.145080787595361		
0.03744	0.304607008758467		
0.03746	0.595861753681675		
0.03748	0.647680082533043		
0.0375	0.448745348781813		
0.03752	0.112819630710874		
0.03754	-0.22787099116249		
0.03756	-0.447652179049328		
0.03758	-0.489940700295847		
0.0376	-0.340441843494773		
0.03762	-0.0873063289909624		
0.03764	0.174763380142394		
0.03766	0.351064820832107		
0.03768	0.391566503152717		
0.0377	0.277208811894525		
0.03772	0.0699354964890517		
0.03774	-0.150441304373089		
0.03776	-0.320786615309771		
0.03778	-0.369031266309321		
0.0378	-0.274328803236131		
0.03782	-0.0753940694849007		
0.03784	0.164637959562242		
0.03786	0.352851659758016		
0.03788	0.423729603819083		
0.0379	0.324262236943468		
0.03792	0.0907819506246597		
0.03794	-0.202855246199761		
0.03796	-0.451225856901146		
0.03798	-0.553671288653277		
0.038	-0.426210111938417		
0.03802	-0.120065042632632		
0.03804	0.273039521067403		
0.03806	0.59883981855819		
0.03808	0.728087834198959		
0.0381	0.56786794384243		
0.03812	0.164637959562242		
0.03814	-0.352354103000835		
0.03816	-0.784769123070873		
0.03818	-0.950349530205131		
0.0382	-0.72222976066405		
0.03822	-0.199877181323245		
0.03824	0.45589270448545		
0.03826	0.994326834159438		
0.03828	1.18909227708355		
0.0383	0.909154178691097		
0.03832	0.25695797073422		
0.03834	-0.545928319974337		
0.03836	-1.19276401115349		
0.03838	-1.19812452793121		
0.0384	-1.06351599551272		
0.03842	-0.283262997865677		
0.03844	0.651253760384861		
0.03846	1.24091060593491		
0.03848	1.24091060593491		
0.0385	1.22482905560173		
0.03852	0.342130626202561		
0.03854	-0.710913114133291		
0.03856	-1.19812452793121		
0.03858	-1.19812452793121		
0.0386	-1.19812452793121		
0.03862	-0.345206747297198		
0.03864	0.775736872223206		
0.03866	1.24091060593491		
0.03868	1.24091060593491		
0.0387	1.24091060593491		
0.03872	0.385610373399686		
0.03874	-0.781195445219055		
0.03876	-1.19812452793121		
0.03878	-1.19812452793121		
0.0388	-1.19812452793121		
0.03882	-0.357119006803259		
0.03884	0.792414035531692		
0.03886	1.24091060593491		
0.03888	1.24091060593491		
0.0389	1.24091060593491		
0.03892	0.365955145214684		
0.03894	-0.733546407194808		
0.03896	-1.19812452793121		
0.03898	-1.19812452793121		
0.039	-1.19812452793121		
0.03902	-0.313639259606134		
0.03904	0.684012474026531		
0.03906	1.24091060593491		
0.03908	1.24091060593491		
0.0391	1.11344942922005		
0.03912	0.295077201153617		
0.03914	-0.586430002294946		
0.03916	-1.19455085007939		
0.03918	-1.19812452793121		
0.0392	-0.931289914995432		
0.03922	-0.231444669014309		
0.03924	0.501159290608484		
0.03926	0.989561930357013		
0.03928	1.09141174913384		
0.0393	0.766207064618356		
0.03932	0.195014221302699		
0.03934	-0.389877720444929		
0.03936	-0.784769123070873		
0.03938	-0.85564706713194		
0.0394	-0.587621228245553		
0.03942	-0.148058852471877		
0.03944	0.304607008758467		
0.03946	0.596457366656978		
0.03948	0.647680082533043		
0.0395	0.448745348781813		
0.03952	0.112224017735571		
0.03954	-0.229657830088399		
0.03956	-0.449439017975237		
0.03958	-0.491727539221756		
0.0396	-0.338655004568864		
0.03962	-0.0861151030403562		
0.03964	0.17774144501891		
0.03966	0.352256046782713		
0.03968	0.389779664226808		
0.0397	0.274826359993313		
0.03972	0.0693398835137486		
0.03974	-0.154014982224908		
0.03976	-0.317808550433256		
0.03978	-0.367244427383412		
0.0398	-0.273137577285524		
0.03982	-0.0759896824602038		
0.03984	0.161659894685727		
0.03986	0.355234111659229		
0.03988	0.423729603819083		
0.0399	0.322475398017559		
0.03992	0.0913775635999627		
0.03994	-0.204046472150367		
0.03996	-0.453012695827056		
0.03998	-0.552480062702671		
