Fréquence	S_Amplitude	Temps	V1
0	0.00515691174876716	0	-0.0490990169346333
101.835121625064	0	5E-6	-0.038038294762373
203.670243250127	0	1E-5	-0.0269775725901127
305.505364875191	0	1.5E-5	-0.0103864893317223
407.340486500255	0	2E-5	-0.00485612824559212
509.175608125318	0.0055623564021869	2.5E-5	0.000674232840538025
611.010729750382	0	3E-5	0.00620459392666817
712.845851375446	0	3.5E-5	0.00620459392666817
814.680973000509	0	4E-5	0.000674232840538025
916.516094625573	0	4.5E-5	-0.00485612824559212
1018.35121625064	0	5E-5	-0.0214472115039825
1120.1863378757	0	5.5E-5	-0.0325079336762428
1222.02145950076	0	6E-5	-0.0546293780207634
1323.85658112583	0	6.5E-5	-0.076750822365284
1425.69170275089	0	7E-5	-0.0933419056236744
1527.52682437596	0	7.5E-5	-0.115463349968195
1629.36194600102	0	8E-5	-0.137584794312716
1731.19706762608	0	8.5E-5	-0.154175877571106
1833.03218925115	0	9E-5	-0.176297321915627
1934.86731087621	0	9.5E-5	-0.187358044087887
2036.70243250127	0	0.0001	-0.192888405174017
2138.53755412634	0	0.000105	-0.192888405174017
2240.3726757514	0	0.00011	-0.181827683001757
2342.20779737646	0	0.000115	-0.176297321915627
2444.04291900153	0	0.00012	-0.154175877571106
2545.87804062659	0	0.000125	-0.132054433226585
2647.71316225166	0.00400098276415134	0.00013	-0.0988722667098045
2749.54828387672	0.00427962991960934	0.000135	-0.0656901001930237
2851.38340550178	0.00455903030295257	0.00014	-0.0214472115039825
2953.21852712685	0.00475393221842577	0.000145	0.0227956771850586
3055.05364875191	0.00528630914294145	0.00015	0.0670385658740997
3156.88877037697	0.00549051117353039	0.000155	0.116811815649271
3258.72389200204	0.00591198850589745	0.00016	0.172115426510572
3360.5590136271	0.00625350288706717	0.000165	0.216358315199614
3462.39413525217	0.00666949050593895	0.00017	0.260601203888655
3564.22925687723	0.00770197123300361	0.000175	0.304844092577696
3666.06437850229	0.00846642610417991	0.00018	0.338026259094477
3767.89950012736	0.00971458894669087	0.000185	0.365678064525127
3869.73462175242	0.0111134438227478	0.00019	0.387799508869648
3971.56974337748	0.0130549528649927	0.000195	0.398860231041908
4073.40486500255	0.0173579145131783	0.0002	0.393329869955778
4175.23998662761	0.0220024251287411	0.000205	0.382269147783518
4277.07510825267	0.0321426195045655	0.00021	0.360147703438997
4378.91022987774	0.0591160671560719	0.000215	0.326965536922216
4480.7453515028	0.361663022724099	0.00022	0.288253009319305
4582.58047312787	0.0878175008999002	0.000225	0.238479759544134
4684.41559475293	0.0393013134874222	0.00023	0.177645787596703
4786.25071637799	0.0254438134575766	0.000235	0.111281454563141
4888.08583800306	0.018753172503696	0.00024	0.0449171215295792
4989.92095962812	0.0246406276045122	0.000245	-0.038038294762373
5091.75608125318	0.0140428342716631	0.00025	-0.120993711054325
5193.59120287825	0.0122986627997585	0.000255	-0.192888405174017
5295.42632450331	0.0117031194968592	0.00026	-0.264783099293709
5397.26144612837	0.0132114862396048	0.000265	-0.342208154499531
5499.09656775344	0.39097171695863	0.00027	-0.408572487533092
5600.9316893785	0	0.000275	-0.458345737308264
5702.76681100357	0	0.00028	-0.508118987083435
5804.60193262863	0.0041229210765778	0.000285	-0.546831514686346
5906.43705425369	0	0.00029	-0.574483320116997
6008.27217587876	0	0.000295	-0.580013681203127
6110.10729750382	0	0.0003	-0.568952959030867
6211.94241912888	0	0.000305	-0.546831514686346
6313.77754075395	0	0.00031	-0.508118987083435
6415.61266237901	0	0.000315	-0.463876098394394
6517.44778400408	0	0.00032	-0.391981404274702
6619.28290562914	0	0.000325	-0.32008671015501
6721.1180272542	0	0.00033	-0.237131293863058
6822.95314887927	0	0.000335	-0.143115155398846
6924.78827050433	0	0.00034	-0.0490990169346333
7026.62339212939	0	0.000345	0.0504474826157093
7128.45851375446	0	0.00035	0.149993982166052
7230.29363537952	0	0.000355	0.249540481716394
7332.12875700459	0	0.00036	0.343556620180607
7433.96387862965	0	0.000365	0.432042397558689
7535.79900025471	0	0.00037	0.509467452764511
7637.63412187978	0	0.000375	0.575831785798073
7739.46924350484	0	0.00038	0.631135396659374
7841.3043651299	0	0.000385	0.664317563176155
7943.13948675497	0	0.00039	0.691969368606806
8044.97460838003	0	0.000395	0.697499729692936
8146.80973000509	0	0.0004	0.680908646434546
8248.64485163016	0	0.000405	0.647726479917765
8350.47997325522	0	0.00041	0.603483591228724
8452.31509488028	0	0.000415	0.542649619281292
8554.15021650535	0	0.00042	0.45969420298934
8655.98533813041	0	0.000425	0.376738786697388
8757.82045975548	0	0.00043	0.277192287147045
8859.65558138054	0	0.000435	0.172115426510572
8961.4907030056	0	0.00044	0.0615082047879696
9063.32582463067	0	0.000445	-0.0546293780207634
9165.16094625573	0	0.00045	-0.165236599743366
9266.99606788079	0	0.000455	-0.275843821465969
9368.83118950586	0	0.00046	-0.386451043188572
9470.66631113092	0	0.000465	-0.480467181652784
9572.50143275599	0	0.00047	-0.563422597944736
9674.33655438105	0	0.000475	-0.635317292064428
9776.17167600611	0	0.00048	-0.69062090292573
9878.00679763118	0	0.000485	-0.729333430528641
9979.84191925624	0	0.00049	-0.751454874873161
10081.6770408813	0	0.000495	-0.751454874873161
10183.5121625064	0	0.0005	-0.734863791614771
10285.3472841314	0	0.000505	-0.69062090292573
10387.1824057565	0	0.00051	-0.646378014236689
10489.0175273816	0	0.000515	-0.568952959030867
10590.8526490066	0	0.00052	-0.480467181652784
10692.6877706317	0	0.000525	-0.386451043188572
10794.5228922567	0	0.00053	-0.281374182552099
10896.3580138818	0	0.000535	-0.165236599743366
10998.1931355069	0	0.00054	-0.0546293780207634
11100.0282571319	0	0.000545	0.0615082047879696
		0.00055	0.177645787596703
		0.000555	0.288253009319305
		0.00056	0.387799508869648
		0.000565	0.47628528624773
		0.00057	0.559240702539682
		0.000575	0.625605035573244
		0.00058	0.669847924262285
		0.000585	0.714090812951326
		0.00059	0.730681896209717
		0.000595	0.725151535123587
		0.0006	0.703030090779066
		0.000605	0.658787202090025
		0.00061	0.609013952314854
		0.000615	0.537119258195162
		0.00062	0.45416384190321
		0.000625	0.365678064525127
		0.00063	0.266131564974785
		0.000635	0.166585065424442
		0.00064	0.0559778437018394
		0.000645	-0.0546293780207634
		0.00065	-0.154175877571106
		0.000655	-0.253722377121449
		0.00066	-0.342208154499531
		0.000665	-0.430693931877613
		0.00067	-0.497058264911175
		0.000675	-0.552361875772476
		0.00068	-0.591074403375387
		0.000685	-0.624256569892168
		0.00069	-0.635317292064428
		0.000695	-0.629786930978298
		0.0007	-0.602135125547647
		0.000705	-0.563422597944736
		0.00071	-0.519179709255695
		0.000715	-0.452815376222134
		0.00072	-0.380920682102442
		0.000725	-0.30349562689662
		0.00073	-0.215009849518538
		0.000735	-0.132054433226585
		0.00074	-0.0435686558485031
		0.000745	0.0449171215295792
		0.00075	0.127872537821531
		0.000755	0.199767231941223
		0.00076	0.271661926060915
		0.000765	0.332495898008347
		0.00077	0.382269147783518
		0.000775	0.420981675386429
		0.00078	0.443103119730949
		0.000785	0.46522456407547
		0.00079	0.4707549251616
		0.000795	0.46522456407547
		0.0008	0.443103119730949
		0.000805	0.409920953214169
		0.00081	0.371208425611258
		0.000815	0.321435175836086
		0.00082	0.266131564974785
		0.000825	0.205297593027353
		0.00083	0.149993982166052
		0.000835	0.0836296491324902
		0.00084	0.0283260382711887
		0.000845	-0.0325079336762428
		0.00085	-0.0822811834514141
		0.000855	-0.126524072140455
		0.00086	-0.176297321915627
		0.000865	-0.203949127346277
		0.00087	-0.237131293863058
		0.000875	-0.253722377121449
		0.00088	-0.264783099293709
		0.000885	-0.264783099293709
		0.00089	-0.264783099293709
		0.000895	-0.253722377121449
		0.0009	-0.237131293863058
		0.000905	-0.215009849518538
		0.00091	-0.192888405174017
		0.000915	-0.154175877571106
		0.00092	-0.126524072140455
		0.000925	-0.0933419056236744
		0.00093	-0.0712204612791538
		0.000935	-0.0435686558485031
		0.00094	-0.0103864893317223
		0.000945	0.00620459392666817
		0.00095	0.0227956771850586
		0.000955	0.039386760443449
		0.00096	0.0504474826157093
		0.000965	0.0559778437018394
		0.00097	0.0504474826157093
		0.000975	0.0504474826157093
		0.00098	0.0449171215295792
		0.000985	0.0283260382711887
		0.00099	0.0283260382711887
		0.000995	0.0117349550127983
		0.001	-0.00485612824559212
		0.001005	-0.0159168504178524
		0.00101	-0.0214472115039825
		0.001015	-0.0325079336762428
		0.00102	-0.0325079336762428
		0.001025	-0.038038294762373
		0.00103	-0.0325079336762428
		0.001035	-0.0269775725901127
		0.00104	-0.0103864893317223
		0.001045	0.00620459392666817
		0.00105	0.0172653160989285
		0.001055	0.0449171215295792
		0.00106	0.0725689269602299
		0.001065	0.100220732390881
		0.00107	0.122342176735401
		0.001075	0.144463621079922
		0.00108	0.172115426510572
		0.001085	0.194236870855093
		0.00109	0.210827954113483
		0.001095	0.221888676285744
		0.0011	0.227419037371874
		0.001105	0.227419037371874
		0.00111	0.221888676285744
		0.001115	0.205297593027353
		0.00112	0.177645787596703
		0.001125	0.149993982166052
		0.00113	0.111281454563141
		0.001135	0.0670385658740997
		0.00114	0.0227956771850586
		0.001145	-0.038038294762373
		0.00115	-0.0878115445375443
		0.001155	-0.143115155398846
		0.00116	-0.198418766260147
		0.001165	-0.259252738207579
		0.00117	-0.30349562689662
		0.001175	-0.353268876671791
		0.00118	-0.391981404274702
		0.001185	-0.419633209705353
		0.00119	-0.447285015136003
		0.001195	-0.452815376222134
		0.0012	-0.452815376222134
		0.001205	-0.436224292963743
		0.00121	-0.414102848619223
		0.001215	-0.375390321016312
		0.00122	-0.32561707124114
		0.001225	-0.270313460379839
		0.00123	-0.203949127346277
		0.001235	-0.132054433226585
		0.00124	-0.0490990169346333
		0.001245	0.0338563993573189
		0.00125	0.122342176735401
		0.001255	0.205297593027353
		0.00126	0.288253009319305
		0.001265	0.360147703438997
		0.00127	0.437572758644819
		0.001275	0.498406730592251
		0.00128	0.548179980367422
		0.001285	0.586892507970333
		0.00129	0.614544313400984
		0.001295	0.620074674487114
		0.0013	0.614544313400984
		0.001305	0.581362146884203
		0.00131	0.548179980367422
		0.001315	0.487346008419991
		0.00132	0.420981675386429
		0.001325	0.338026259094477
		0.00133	0.249540481716394
		0.001335	0.149993982166052
		0.00134	0.039386760443449
		0.001345	-0.0712204612791538
		0.00135	-0.176297321915627
		0.001355	-0.281374182552099
		0.00136	-0.380920682102442
		0.001365	-0.474936820566654
		0.00137	-0.552361875772476
		0.001375	-0.624256569892168
		0.00138	-0.6850905418396
		0.001385	-0.723803069442511
		0.00139	-0.751454874873161
		0.001395	-0.751454874873161
		0.0014	-0.740394152700901
		0.001405	-0.70168162509799
		0.00141	-0.657438736408949
		0.001415	-0.591074403375387
		0.00142	-0.502588625997305
		0.001425	-0.408572487533092
		0.00143	-0.30349562689662
		0.001435	-0.187358044087887
		0.00144	-0.0656901001930237
		0.001445	0.0504474826157093
		0.00145	0.172115426510572
		0.001455	0.293783370405436
		0.00146	0.404390592128038
		0.001465	0.503937091678381
		0.00147	0.597953230142593
		0.001475	0.669847924262285
		0.00148	0.725151535123587
		0.001485	0.774924784898758
		0.00149	0.797046229243279
		0.001495	0.797046229243279
		0.0015	0.774924784898758
		0.001505	0.730681896209717
		0.00151	0.669847924262285
		0.001515	0.592422869056463
		0.00152	0.503937091678381
		0.001525	0.404390592128038
		0.00153	0.288253009319305
		0.001535	0.172115426510572
		0.00154	0.0449171215295792
		0.001545	-0.076750822365284
		0.00155	-0.203949127346277
		0.001555	-0.31455634906888
		0.00156	-0.419633209705353
		0.001565	-0.519179709255695
		0.00157	-0.607665486633778
		0.001575	-0.674029819667339
		0.00158	-0.723803069442511
		0.001585	-0.762515597045422
		0.00159	-0.779106680303812
		0.001595	-0.779106680303812
		0.0016	-0.751454874873161
		0.001605	-0.70721198618412
		0.00161	-0.651908375322819
		0.001615	-0.580013681203127
		0.00162	-0.491527903825045
		0.001625	-0.397511765360832
		0.00163	-0.29243490472436
		0.001635	-0.176297321915627
		0.00164	-0.0601597391068935
		0.001645	0.0504474826157093
		0.00165	0.161054704338312
		0.001655	0.266131564974785
		0.00166	0.365678064525127
		0.001665	0.44863348081708
		0.00167	0.520528174936771
		0.001675	0.581362146884203
		0.00168	0.625605035573244
		0.001685	0.658787202090025
		0.00169	0.669847924262285
		0.001695	0.664317563176155
		0.0017	0.636665757745504
		0.001705	0.592422869056463
		0.00171	0.542649619281292
		0.001715	0.4707549251616
		0.00172	0.393329869955778
		0.001725	0.315904814749956
		0.00173	0.221888676285744
		0.001735	0.127872537821531
		0.00174	0.0338563993573189
		0.001745	-0.0546293780207634
		0.00175	-0.143115155398846
		0.001755	-0.231600932776928
		0.00176	-0.30349562689662
		0.001765	-0.364329598844051
		0.00177	-0.425163570791483
		0.001775	-0.469406459480524
		0.00178	-0.491527903825045
		0.001785	-0.513649348169565
		0.00179	-0.519179709255695
		0.001795	-0.508118987083435
		0.0018	-0.491527903825045
		0.001805	-0.452815376222134
		0.00181	-0.408572487533092
		0.001815	-0.358799237757921
		0.00182	-0.30349562689662
		0.001825	-0.237131293863058
		0.00183	-0.170766960829496
		0.001835	-0.104402627795935
		0.00184	-0.038038294762373
		0.001845	0.0227956771850586
		0.00185	0.0836296491324902
		0.001855	0.144463621079922
		0.00186	0.188706509768963
		0.001865	0.227419037371874
		0.00187	0.260601203888655
		0.001875	0.282722648233175
		0.00188	0.299313731491566
		0.001885	0.304844092577696
		0.00189	0.304844092577696
		0.001895	0.288253009319305
		0.0019	0.277192287147045
		0.001905	0.244010120630264
		0.00191	0.216358315199614
		0.001915	0.183176148682833
		0.00192	0.144463621079922
		0.001925	0.111281454563141
		0.00193	0.0725689269602299
		0.001935	0.0449171215295792
		0.00194	0.0117349550127983
		0.001945	-0.0214472115039825
		0.00195	-0.0435686558485031
		0.001955	-0.0656901001930237
		0.00196	-0.076750822365284
		0.001965	-0.0878115445375443
		0.00197	-0.0988722667098045
		0.001975	-0.0933419056236744
		0.00198	-0.0933419056236744
		0.001985	-0.0822811834514141
		0.00199	-0.076750822365284
		0.001995	-0.0601597391068935
		0.002	-0.0490990169346333
		0.002005	-0.0325079336762428
		0.00201	-0.0269775725901127
		0.002015	-0.0103864893317223
		0.00202	-0.00485612824559212
		0.002025	0.000674232840538025
		0.00203	0.00620459392666817
		0.002035	0.00620459392666817
		0.00204	0.000674232840538025
		0.002045	-0.00485612824559212
		0.00205	-0.0214472115039825
		0.002055	-0.0325079336762428
		0.00206	-0.0546293780207634
		0.002065	-0.0712204612791538
		0.00207	-0.0933419056236744
		0.002075	-0.120993711054325
		0.00208	-0.137584794312716
		0.002085	-0.159706238657236
		0.00209	-0.170766960829496
		0.002095	-0.181827683001757
		0.0021	-0.187358044087887
		0.002105	-0.192888405174017
		0.00211	-0.187358044087887
		0.002115	-0.170766960829496
		0.00212	-0.154175877571106
		0.002125	-0.126524072140455
		0.00213	-0.0988722667098045
		0.002135	-0.0601597391068935
		0.00214	-0.0214472115039825
		0.002145	0.0227956771850586
		0.00215	0.0725689269602299
		0.002155	0.122342176735401
		0.00216	0.166585065424442
		0.002165	0.216358315199614
		0.00217	0.266131564974785
		0.002175	0.299313731491566
		0.00218	0.338026259094477
		0.002185	0.365678064525127
		0.00219	0.387799508869648
		0.002195	0.398860231041908
		0.0022	0.398860231041908
		0.002205	0.382269147783518
		0.00221	0.360147703438997
		0.002215	0.332495898008347
		0.00222	0.288253009319305
		0.002225	0.232949398458004
		0.00223	0.177645787596703
		0.002235	0.105751093477011
		0.00224	0.0338563993573189
		0.002245	-0.038038294762373
		0.00225	-0.115463349968195
		0.002255	-0.198418766260147
		0.00226	-0.275843821465969
		0.002265	-0.342208154499531
		0.00227	-0.408572487533092
		0.002275	-0.463876098394394
		0.00228	-0.508118987083435
		0.002285	-0.546831514686346
		0.00229	-0.568952959030867
		0.002295	-0.580013681203127
		0.0023	-0.568952959030867
		0.002305	-0.546831514686346
		0.00231	-0.508118987083435
		0.002315	-0.458345737308264
		0.00232	-0.391981404274702
		0.002325	-0.32008671015501
		0.00233	-0.231600932776928
		0.002335	-0.143115155398846
		0.00234	-0.0435686558485031
		0.002345	0.0559778437018394
		0.00235	0.149993982166052
		0.002355	0.249540481716394
		0.00236	0.349086981266737
		0.002365	0.432042397558689
		0.00237	0.509467452764511
		0.002375	0.575831785798073
		0.00238	0.625605035573244
		0.002385	0.669847924262285
		0.00239	0.691969368606806
		0.002395	0.697499729692936
		0.0024	0.680908646434546
		0.002405	0.647726479917765
		0.00241	0.603483591228724
		0.002415	0.542649619281292
		0.00242	0.45969420298934
		0.002425	0.376738786697388
		0.00243	0.271661926060915
		0.002435	0.166585065424442
		0.00244	0.0504474826157093
		0.002445	-0.0601597391068935
		0.00245	-0.170766960829496
		0.002455	-0.281374182552099
		0.00246	-0.391981404274702
		0.002465	-0.474936820566654
		0.00247	-0.563422597944736
		0.002475	-0.640847653150558
		0.00248	-0.69062090292573
		0.002485	-0.729333430528641
		0.00249	-0.756985235959291
		0.002495	-0.756985235959291
		0.0025	-0.729333430528641
		0.002505	-0.69062090292573
		0.00251	-0.635317292064428
		0.002515	-0.563422597944736
		0.00252	-0.485997542738914
		0.002525	-0.386451043188572
		0.00253	-0.281374182552099
		0.002535	-0.170766960829496
		0.00254	-0.0490990169346333
		0.002545	0.0670385658740997
		0.00255	0.183176148682833
		0.002555	0.288253009319305
		0.00256	0.393329869955778
		0.002565	0.48181564733386
		0.00257	0.564771063625813
		0.002575	0.625605035573244
		0.00258	0.669847924262285
		0.002585	0.708560451865196
		0.00259	0.730681896209717
		0.002595	0.725151535123587
		0.0026	0.697499729692936
		0.002605	0.664317563176155
		0.00261	0.603483591228724
		0.002615	0.537119258195162
		0.00262	0.45416384190321
		0.002625	0.360147703438997
		0.00263	0.260601203888655
		0.002635	0.161054704338312
		0.00264	0.0504474826157093
		0.002645	-0.0546293780207634
		0.00265	-0.159706238657236
		0.002655	-0.259252738207579
		0.00266	-0.347738515585661
		0.002665	-0.430693931877613
		0.00267	-0.497058264911175
		0.002675	-0.552361875772476
		0.00268	-0.596604764461517
		0.002685	-0.618726208806038
		0.00269	-0.635317292064428
		0.002695	-0.629786930978298
		0.0027	-0.602135125547647
		0.002705	-0.563422597944736
		0.00271	-0.513649348169565
		0.002715	-0.447285015136003
		0.00272	-0.375390321016312
		0.002725	-0.30349562689662
		0.00273	-0.215009849518538
		0.002735	-0.126524072140455
		0.00274	-0.038038294762373
		0.002745	0.0504474826157093
		0.00275	0.133402898907661
		0.002755	0.205297593027353
		0.00276	0.277192287147045
		0.002765	0.332495898008347
		0.00277	0.382269147783518
		0.002775	0.426512036472559
		0.00278	0.443103119730949
		0.002785	0.46522456407547
		0.00279	0.4707549251616
		0.002795	0.45969420298934
		0.0028	0.437572758644819
		0.002805	0.404390592128038
		0.00281	0.365678064525127
		0.002815	0.315904814749956
		0.00282	0.266131564974785
		0.002825	0.205297593027353
		0.00283	0.149993982166052
		0.002835	0.0836296491324902
		0.00284	0.0227956771850586
		0.002845	-0.0325079336762428
		0.00285	-0.0822811834514141
		0.002855	-0.132054433226585
		0.00286	-0.176297321915627
		0.002865	-0.215009849518538
		0.00287	-0.237131293863058
		0.002875	-0.253722377121449
		0.00288	-0.264783099293709
		0.002885	-0.275843821465969
		0.00289	-0.270313460379839
		0.002895	-0.253722377121449
		0.0029	-0.237131293863058
		0.002905	-0.215009849518538
		0.00291	-0.187358044087887
		0.002915	-0.159706238657236
		0.00292	-0.120993711054325
		0.002925	-0.0933419056236744
		0.00293	-0.0656901001930237
		0.002935	-0.038038294762373
		0.00294	-0.0103864893317223
		0.002945	0.00620459392666817
		0.00295	0.0283260382711887
		0.002955	0.0449171215295792
		0.00296	0.0504474826157093
		0.002965	0.0504474826157093
		0.00297	0.0559778437018394
		0.002975	0.0449171215295792
		0.00298	0.039386760443449
		0.002985	0.0338563993573189
		0.00299	0.0227956771850586
		0.002995	0.00620459392666817
		0.003	-0.00485612824559212
		0.003005	-0.0103864893317223
		0.00301	-0.0269775725901127
		0.003015	-0.0325079336762428
		0.00302	-0.0325079336762428
		0.003025	-0.0325079336762428
		0.00303	-0.0325079336762428
		0.003035	-0.0214472115039825
		0.00304	-0.0103864893317223
		0.003045	0.00620459392666817
		0.00305	0.0283260382711887
		0.003055	0.0449171215295792
		0.00306	0.0725689269602299
		0.003065	0.0946903713047504
		0.00307	0.122342176735401
		0.003075	0.149993982166052
		0.00308	0.172115426510572
		0.003085	0.194236870855093
		0.00309	0.210827954113483
		0.003095	0.221888676285744
		0.0031	0.227419037371874
		0.003105	0.227419037371874
		0.00311	0.221888676285744
		0.003115	0.194236870855093
		0.00312	0.177645787596703
		0.003125	0.149993982166052
		0.00313	0.111281454563141
		0.003135	0.0615082047879696
		0.00314	0.0117349550127983
		0.003145	-0.0325079336762428
		0.00315	-0.0878115445375443
		0.003155	-0.148645516484976
		0.00316	-0.203949127346277
		0.003165	-0.259252738207579
		0.00317	-0.30902598798275
		0.003175	-0.353268876671791
		0.00318	-0.391981404274702
		0.003185	-0.425163570791483
		0.00319	-0.441754654049873
		0.003195	-0.458345737308264
		0.0032	-0.452815376222134
		0.003205	-0.436224292963743
		0.00321	-0.408572487533092
		0.003215	-0.369859959930182
		0.00322	-0.32561707124114
		0.003225	-0.264783099293709
		0.00323	-0.198418766260147
		0.003235	-0.126524072140455
		0.00324	-0.0435686558485031
		0.003245	0.039386760443449
		0.00325	0.127872537821531
		0.003255	0.210827954113483
		0.00326	0.293783370405436
		0.003265	0.365678064525127
		0.00327	0.443103119730949
		0.003275	0.503937091678381
		0.00328	0.553710341453552
		0.003285	0.586892507970333
		0.00329	0.614544313400984
		0.003295	0.620074674487114
		0.0033	0.609013952314854
		0.003305	0.581362146884203
		0.00331	0.542649619281292
		0.003315	0.48181564733386
		0.00332	0.415451314300299
		0.003325	0.338026259094477
		0.00333	0.238479759544134
		0.003335	0.144463621079922
		0.00334	0.0338563993573189
		0.003345	-0.076750822365284
		0.00335	-0.176297321915627
		0.003355	-0.286904543638229
		0.00336	-0.380920682102442
		0.003365	-0.480467181652784
		0.00337	-0.557892236858606
		0.003375	-0.629786930978298
		0.00338	-0.679560180753469
		0.003385	-0.723803069442511
		0.00339	-0.751454874873161
		0.003395	-0.751454874873161
		0.0034	-0.740394152700901
		0.003405	-0.70168162509799
		0.00341	-0.651908375322819
		0.003415	-0.580013681203127
		0.00342	-0.497058264911175
		0.003425	-0.408572487533092
		0.00343	-0.29796526581049
		0.003435	-0.181827683001757
		0.00344	-0.0601597391068935
		0.003445	0.0615082047879696
		0.00345	0.183176148682833
		0.003455	0.299313731491566
		0.00346	0.409920953214169
		0.003465	0.509467452764511
		0.00347	0.597953230142593
		0.003475	0.675378285348415
		0.00348	0.730681896209717
		0.003485	0.769394423812628
		0.00349	0.797046229243279
		0.003495	0.791515868157148
		0.0035	0.774924784898758
		0.003505	0.725151535123587
		0.00351	0.669847924262285
		0.003515	0.586892507970333
		0.00352	0.498406730592251
		0.003525	0.393329869955778
		0.00353	0.277192287147045
		0.003535	0.161054704338312
		0.00354	0.0449171215295792
		0.003545	-0.0878115445375443
		0.00355	-0.203949127346277
		0.003555	-0.32008671015501
		0.00356	-0.425163570791483
		0.003565	-0.524710070341825
		0.00357	-0.607665486633778
		0.003575	-0.679560180753469
		0.00358	-0.723803069442511
		0.003585	-0.762515597045422
		0.00359	-0.784637041389942
		0.003595	-0.773576319217682
		0.0036	-0.751454874873161
		0.003605	-0.70721198618412
		0.00361	-0.651908375322819
		0.003615	-0.574483320116997
		0.00362	-0.485997542738914
		0.003625	-0.386451043188572
		0.00363	-0.286904543638229
		0.003635	-0.170766960829496
		0.00364	-0.0601597391068935
		0.003645	0.0559778437018394
		0.00365	0.172115426510572
		0.003655	0.277192287147045
		0.00366	0.371208425611258
		0.003665	0.44863348081708
		0.00367	0.526058536022902
		0.003675	0.586892507970333
		0.00368	0.625605035573244
		0.003685	0.658787202090025
		0.00369	0.669847924262285
		0.003695	0.664317563176155
		0.0037	0.636665757745504
		0.003705	0.586892507970333
		0.00371	0.537119258195162
		0.003715	0.4707549251616
		0.00372	0.393329869955778
		0.003725	0.310374453663826
		0.00373	0.216358315199614
		0.003735	0.127872537821531
		0.00374	0.0283260382711887
		0.003745	-0.0601597391068935
		0.00375	-0.154175877571106
		0.003755	-0.237131293863058
		0.00376	-0.30902598798275
		0.003765	-0.369859959930182
		0.00377	-0.430693931877613
		0.003775	-0.474936820566654
		0.00378	-0.497058264911175
		0.003785	-0.513649348169565
		0.00379	-0.524710070341825
		0.003795	-0.513649348169565
		0.0038	-0.485997542738914
		0.003805	-0.452815376222134
		0.00381	-0.408572487533092
		0.003815	-0.358799237757921
		0.00382	-0.29796526581049
		0.003825	-0.231600932776928
		0.00383	-0.165236599743366
		0.003835	-0.104402627795935
		0.00384	-0.0325079336762428
		0.003845	0.0283260382711887
		0.00385	0.0891600102186203
		0.003855	0.144463621079922
		0.00386	0.194236870855093
		0.003865	0.227419037371874
		0.00387	0.266131564974785
		0.003875	0.288253009319305
		0.00388	0.299313731491566
		0.003885	0.304844092577696
		0.00389	0.304844092577696
		0.003895	0.288253009319305
		0.0039	0.266131564974785
		0.003905	0.244010120630264
		0.00391	0.216358315199614
		0.003915	0.183176148682833
		0.00392	0.144463621079922
		0.003925	0.111281454563141
		0.00393	0.0670385658740997
		0.003935	0.039386760443449
		0.00394	0.00620459392666817
		0.003945	-0.0214472115039825
		0.00395	-0.0490990169346333
		0.003955	-0.0656901001930237
		0.00396	-0.0822811834514141
		0.003965	-0.0988722667098045
		0.00397	-0.0988722667098045
		0.003975	-0.0988722667098045
		0.00398	-0.0933419056236744
		0.003985	-0.0878115445375443
		0.00399	-0.0712204612791538
		0.003995	-0.0601597391068935
		0.004	-0.0490990169346333
		0.004005	-0.038038294762373
		0.00401	-0.0214472115039825
		0.004015	-0.0103864893317223
		0.00402	-0.00485612824559212
		0.004025	0.000674232840538025
		0.00403	0.00620459392666817
		0.004035	0.000674232840538025
		0.00404	0.000674232840538025
		0.004045	-0.00485612824559212
		0.00405	-0.0214472115039825
		0.004055	-0.0325079336762428
		0.00406	-0.0546293780207634
		0.004065	-0.0712204612791538
		0.00407	-0.0988722667098045
		0.004075	-0.115463349968195
		0.00408	-0.137584794312716
		0.004085	-0.154175877571106
		0.00409	-0.176297321915627
		0.004095	-0.181827683001757
		0.0041	-0.187358044087887
		0.004105	-0.187358044087887
		0.00411	-0.187358044087887
		0.004115	-0.170766960829496
		0.00412	-0.154175877571106
		0.004125	-0.126524072140455
		0.00413	-0.0988722667098045
		0.004135	-0.0601597391068935
		0.00414	-0.0159168504178524
		0.004145	0.0283260382711887
		0.00415	0.07809928804636
		0.004155	0.122342176735401
		0.00416	0.172115426510572
		0.004165	0.221888676285744
		0.00417	0.266131564974785
		0.004175	0.299313731491566
		0.00418	0.338026259094477
		0.004185	0.365678064525127
		0.00419	0.387799508869648
		0.004195	0.398860231041908
		0.0042	0.393329869955778
		0.004205	0.387799508869648
		0.00421	0.365678064525127
		0.004215	0.326965536922216
		0.00422	0.288253009319305
		0.004225	0.232949398458004
		0.00423	0.172115426510572
		0.004235	0.105751093477011
		0.00424	0.0338563993573189
		0.004245	-0.0435686558485031
		0.00425	-0.120993711054325
		0.004255	-0.198418766260147
		0.00426	-0.275843821465969
		0.004265	-0.347738515585661
		0.00427	-0.408572487533092
		0.004275	-0.469406459480524
		0.00428	-0.513649348169565
		0.004285	-0.546831514686346
		0.00429	-0.574483320116997
		0.004295	-0.580013681203127
		0.0043	-0.568952959030867
		0.004305	-0.541301153600216
		0.00431	-0.502588625997305
		0.004315	-0.452815376222134
		0.00432	-0.386451043188572
		0.004325	-0.31455634906888
		0.00433	-0.226070571690798
		0.004335	-0.137584794312716
		0.00434	-0.038038294762373
		0.004345	0.0615082047879696
		0.00435	0.166585065424442
		0.004355	0.255070842802525
		0.00436	0.354617342352867
		0.004365	0.437572758644819
		0.00437	0.514997813850641
		0.004375	0.581362146884203
		0.00438	0.631135396659374
		0.004385	0.669847924262285
		0.00439	0.691969368606806
		0.004395	0.697499729692936
		0.0044	0.680908646434546
		0.004405	0.647726479917765
		0.00441	0.597953230142593
		0.004415	0.537119258195162
		0.00442	0.45416384190321
		0.004425	0.371208425611258
		0.00443	0.266131564974785
		0.004435	0.155524343252182
		0.00444	0.0504474826157093
		0.004445	-0.0656901001930237
		0.00445	-0.176297321915627
		0.004455	-0.286904543638229
		0.00446	-0.391981404274702
		0.004465	-0.485997542738914
		0.00447	-0.568952959030867
		0.004475	-0.640847653150558
		0.00448	-0.69062090292573
		0.004485	-0.734863791614771
		0.00449	-0.751454874873161
		0.004495	-0.756985235959291
		0.0045	-0.723803069442511
		0.004505	-0.69062090292573
		0.00451	-0.635317292064428
		0.004515	-0.557892236858606
		0.00452	-0.474936820566654
		0.004525	-0.375390321016312
		0.00453	-0.270313460379839
		0.004535	-0.159706238657236
		0.00454	-0.0435686558485031
		0.004545	0.0725689269602299
		0.00455	0.183176148682833
		0.004555	0.293783370405436
		0.00456	0.393329869955778
		0.004565	0.48181564733386
		0.00457	0.564771063625813
		0.004575	0.631135396659374
		0.00458	0.675378285348415
		0.004585	0.714090812951326
		0.00459	0.725151535123587
		0.004595	0.725151535123587
		0.0046	0.697499729692936
		0.004605	0.653256841003895
		0.00461	0.603483591228724
		0.004615	0.531588897109032
		0.00462	0.44863348081708
		0.004625	0.360147703438997
		0.00463	0.255070842802525
		0.004635	0.149993982166052
		0.00464	0.0504474826157093
		0.004645	-0.0601597391068935
		0.00465	-0.165236599743366
		0.004655	-0.264783099293709
		0.00466	-0.358799237757921
		0.004665	-0.436224292963743
		0.00467	-0.502588625997305
		0.004675	-0.563422597944736
		0.00468	-0.602135125547647
		0.004685	-0.624256569892168
		0.00469	-0.635317292064428
		0.004695	-0.629786930978298
		0.0047	-0.602135125547647
		0.004705	-0.563422597944736
		0.00471	-0.508118987083435
		0.004715	-0.441754654049873
		0.00472	-0.369859959930182
		0.004725	-0.29243490472436
		0.00473	-0.209479488432407
		0.004735	-0.120993711054325
		0.00474	-0.0325079336762428
		0.004745	0.0504474826157093
		0.00475	0.133402898907661
		0.004755	0.210827954113483
		0.00476	0.282722648233175
		0.004765	0.338026259094477
		0.00477	0.387799508869648
		0.004775	0.426512036472559
		0.00478	0.45416384190321
		0.004785	0.46522456407547
		0.00479	0.46522456407547
		0.004795	0.45969420298934
		0.0048	0.437572758644819
		0.004805	0.404390592128038
		0.00481	0.365678064525127
		0.004815	0.315904814749956
		0.00482	0.260601203888655
		0.004825	0.205297593027353
		0.00483	0.144463621079922
		0.004835	0.0836296491324902
		0.00484	0.0283260382711887
		0.004845	-0.0325079336762428
		0.00485	-0.0878115445375443
		0.004855	-0.137584794312716
		0.00486	-0.176297321915627
		0.004865	-0.215009849518538
		0.00487	-0.237131293863058
		0.004875	-0.259252738207579
		0.00488	-0.264783099293709
		0.004885	-0.270313460379839
		0.00489	-0.264783099293709
		0.004895	-0.259252738207579
		0.0049	-0.237131293863058
		0.004905	-0.215009849518538
		0.00491	-0.187358044087887
		0.004915	-0.154175877571106
		0.00492	-0.120993711054325
		0.004925	-0.0933419056236744
		0.00493	-0.0656901001930237
		0.004935	-0.038038294762373
		0.00494	-0.0103864893317223
		0.004945	0.00620459392666817
		0.00495	0.0283260382711887
		0.004955	0.039386760443449
		0.00496	0.0504474826157093
		0.004965	0.0559778437018394
		0.00497	0.0504474826157093
		0.004975	0.0504474826157093
		0.00498	0.0449171215295792
		0.004985	0.0338563993573189
		0.00499	0.0227956771850586
		0.004995	0.0117349550127983
		0.005	0.000674232840538025
		0.005005	-0.0103864893317223
		0.00501	-0.0214472115039825
		0.005015	-0.0325079336762428
		0.00502	-0.0325079336762428
		0.005025	-0.0325079336762428
		0.00503	-0.0269775725901127
		0.005035	-0.0214472115039825
		0.00504	-0.0103864893317223
		0.005045	0.00620459392666817
		0.00505	0.0227956771850586
		0.005055	0.0504474826157093
		0.00506	0.0725689269602299
		0.005065	0.0946903713047504
		0.00507	0.122342176735401
		0.005075	0.144463621079922
		0.00508	0.172115426510572
		0.005085	0.194236870855093
		0.00509	0.205297593027353
		0.005095	0.221888676285744
		0.0051	0.227419037371874
		0.005105	0.227419037371874
		0.00511	0.210827954113483
		0.005115	0.194236870855093
		0.00512	0.172115426510572
		0.005125	0.144463621079922
		0.00513	0.105751093477011
		0.005135	0.0615082047879696
		0.00514	0.0117349550127983
		0.005145	-0.0435686558485031
		0.00515	-0.0933419056236744
		0.005155	-0.148645516484976
		0.00516	-0.203949127346277
		0.005165	-0.253722377121449
		0.00517	-0.31455634906888
		0.005175	-0.353268876671791
		0.00518	-0.391981404274702
		0.005185	-0.419633209705353
		0.00519	-0.441754654049873
		0.005195	-0.452815376222134
		0.0052	-0.447285015136003
		0.005205	-0.436224292963743
		0.00521	-0.408572487533092
		0.005215	-0.369859959930182
		0.00522	-0.32008671015501
		0.005225	-0.264783099293709
		0.00523	-0.192888405174017
		0.005235	-0.120993711054325
		0.00524	-0.0435686558485031
		0.005245	0.039386760443449
		0.00525	0.127872537821531
		0.005255	0.210827954113483
		0.00526	0.293783370405436
		0.005265	0.371208425611258
		0.00527	0.443103119730949
		0.005275	0.503937091678381
		0.00528	0.553710341453552
		0.005285	0.592422869056463
		0.00529	0.614544313400984
		0.005295	0.625605035573244
		0.0053	0.603483591228724
		0.005305	0.581362146884203
		0.00531	0.537119258195162
		0.005315	0.48181564733386
		0.00532	0.409920953214169
		0.005325	0.326965536922216
		0.00533	0.232949398458004
		0.005335	0.138933259993792
		0.00534	0.0338563993573189
		0.005345	-0.076750822365284
		0.00535	-0.181827683001757
		0.005355	-0.286904543638229
		0.00536	-0.391981404274702
		0.005365	-0.480467181652784
		0.00537	-0.557892236858606
		0.005375	-0.629786930978298
		0.00538	-0.6850905418396
		0.005385	-0.729333430528641
		0.00539	-0.751454874873161
		0.005395	-0.751454874873161
		0.0054	-0.734863791614771
		0.005405	-0.70168162509799
		0.00541	-0.651908375322819
		0.005415	-0.580013681203127
		0.00542	-0.497058264911175
		0.005425	-0.397511765360832
		0.00543	-0.29243490472436
		0.005435	-0.176297321915627
		0.00544	-0.0601597391068935
		0.005445	0.0615082047879696
		0.00545	0.188706509768963
		0.005455	0.304844092577696
		0.00546	0.415451314300299
		0.005465	0.509467452764511
		0.00547	0.603483591228724
		0.005475	0.675378285348415
		0.00548	0.730681896209717
		0.005485	0.774924784898758
		0.00549	0.797046229243279
		0.005495	0.791515868157148
		0.0055	0.769394423812628
		0.005505	0.725151535123587
		0.00551	0.664317563176155
		0.005515	0.586892507970333
		0.00552	0.492876369506121
		0.005525	0.393329869955778
		0.00553	0.282722648233175
		0.005535	0.161054704338312
		0.00554	0.0338563993573189
		0.005545	-0.0878115445375443
		0.00555	-0.209479488432407
		0.005555	-0.32561707124114
		0.00556	-0.436224292963743
		0.005565	-0.524710070341825
		0.00557	-0.613195847719908
		0.005575	-0.6850905418396
		0.00558	-0.723803069442511
		0.005585	-0.768045958131552
		0.00559	-0.779106680303812
		0.005595	-0.779106680303812
		0.0056	-0.751454874873161
		0.005605	-0.70721198618412
		0.00561	-0.651908375322819
		0.005615	-0.574483320116997
		0.00562	-0.480467181652784
		0.005625	-0.386451043188572
		0.00563	-0.281374182552099
		0.005635	-0.170766960829496
		0.00564	-0.0546293780207634
		0.005645	0.0615082047879696
		0.00565	0.166585065424442
		0.005655	0.277192287147045
		0.00566	0.371208425611258
		0.005665	0.45416384190321
		0.00567	0.531588897109032
		0.005675	0.586892507970333
		0.00568	0.625605035573244
		0.005685	0.658787202090025
		0.00569	0.675378285348415
		0.005695	0.658787202090025
		0.0057	0.636665757745504
		0.005705	0.592422869056463
		0.00571	0.537119258195162
		0.005715	0.4707549251616
		0.00572	0.387799508869648
		0.005725	0.304844092577696
		0.00573	0.216358315199614
		0.005735	0.122342176735401
		0.00574	0.0283260382711887
		0.005745	-0.0656901001930237
		0.00575	-0.154175877571106
		0.005755	-0.242661654949188
		0.00576	-0.30902598798275
		0.005765	-0.375390321016312
		0.00577	-0.430693931877613
		0.005775	-0.469406459480524
		0.00578	-0.497058264911175
		0.005785	-0.513649348169565
		0.00579	-0.519179709255695
		0.005795	-0.508118987083435
		0.0058	-0.480467181652784
		0.005805	-0.452815376222134
		0.00581	-0.408572487533092
		0.005815	-0.353268876671791
		0.00582	-0.29243490472436
		0.005825	-0.237131293863058
		0.00583	-0.165236599743366
		0.005835	-0.0988722667098045
		0.00584	-0.0325079336762428
		0.005845	0.0283260382711887
		0.00585	0.0946903713047504
		0.005855	0.144463621079922
		0.00586	0.194236870855093
		0.005865	0.232949398458004
		0.00587	0.266131564974785
		0.005875	0.288253009319305
		0.00588	0.304844092577696
		0.005885	0.304844092577696
		0.00589	0.304844092577696
		0.005895	0.293783370405436
		0.0059	0.271661926060915
		0.005905	0.244010120630264
		0.00591	0.216358315199614
		0.005915	0.177645787596703
		0.00592	0.144463621079922
		0.005925	0.105751093477011
		0.00593	0.0725689269602299
		0.005935	0.039386760443449
		0.00594	0.0117349550127983
		0.005945	-0.0269775725901127
		0.00595	-0.0435686558485031
		0.005955	-0.0656901001930237
		0.00596	-0.0822811834514141
		0.005965	-0.0933419056236744
		0.00597	-0.0933419056236744
		0.005975	-0.0988722667098045
		0.00598	-0.0933419056236744
		0.005985	-0.0822811834514141
		0.00599	-0.076750822365284
		0.005995	-0.0656901001930237
		0.006	-0.0490990169346333
		0.006005	-0.038038294762373
		0.00601	-0.0269775725901127
		0.006015	-0.0159168504178524
		0.00602	0.000674232840538025
		0.006025	0.00620459392666817
		0.00603	0.00620459392666817
		0.006035	0.00620459392666817
		0.00604	0.000674232840538025
		0.006045	-0.0103864893317223
		0.00605	-0.0214472115039825
		0.006055	-0.038038294762373
		0.00606	-0.0546293780207634
		0.006065	-0.076750822365284
		0.00607	-0.0933419056236744
		0.006075	-0.109932988882065
		0.00608	-0.137584794312716
		0.006085	-0.154175877571106
		0.00609	-0.170766960829496
		0.006095	-0.181827683001757
		0.0061	-0.187358044087887
		0.006105	-0.187358044087887
		0.00611	-0.181827683001757
		0.006115	-0.170766960829496
		0.00612	-0.154175877571106
		0.006125	-0.132054433226585
		0.00613	-0.0933419056236744
		0.006135	-0.0601597391068935
		0.00614	-0.0159168504178524
		0.006145	0.0283260382711887
		0.00615	0.0725689269602299
		0.006155	0.122342176735401
		0.00616	0.172115426510572
		0.006165	0.221888676285744
		0.00617	0.271661926060915
		0.006175	0.304844092577696
		0.00618	0.343556620180607
		0.006185	0.371208425611258
		0.00619	0.387799508869648
		0.006195	0.398860231041908
		0.0062	0.393329869955778
		0.006205	0.376738786697388
		0.00621	0.354617342352867
		0.006215	0.326965536922216
		0.00622	0.277192287147045
		0.006225	0.227419037371874
		0.00623	0.166585065424442
		0.006235	0.100220732390881
		0.00624	0.0283260382711887
		0.006245	-0.0490990169346333
		0.00625	-0.126524072140455
		0.006255	-0.203949127346277
		0.00626	-0.275843821465969
		0.006265	-0.347738515585661
		0.00627	-0.408572487533092
		0.006275	-0.469406459480524
		0.00628	-0.513649348169565
		0.006285	-0.552361875772476
		0.00629	-0.568952959030867
		0.006295	-0.580013681203127
		0.0063	-0.563422597944736
		0.006305	-0.541301153600216
		0.00631	-0.502588625997305
		0.006315	-0.447285015136003
		0.00632	-0.380920682102442
		0.006325	-0.30902598798275
		0.00633	-0.220540210604668
		0.006335	-0.132054433226585
		0.00634	-0.0325079336762428
		0.006345	0.0670385658740997
		0.00635	0.166585065424442
		0.006355	0.266131564974785
		0.00636	0.354617342352867
		0.006365	0.443103119730949
		0.00637	0.514997813850641
		0.006375	0.581362146884203
		0.00638	0.631135396659374
		0.006385	0.669847924262285
		0.00639	0.691969368606806
		0.006395	0.697499729692936
		0.0064	0.675378285348415
		0.006405	0.642196118831635
		0.00641	0.592422869056463
		0.006415	0.531588897109032
		0.00642	0.44863348081708
		0.006425	0.360147703438997
		0.00643	0.260601203888655
		0.006435	0.155524343252182
		0.00644	0.039386760443449
		0.006445	-0.076750822365284
		0.00645	-0.181827683001757
		0.006455	-0.29796526581049
		0.00646	-0.403042126446962
		0.006465	-0.491527903825045
		0.00647	-0.574483320116997
		0.006475	-0.646378014236689
		0.00648	-0.69062090292573
		0.006485	-0.734863791614771
		0.00649	-0.751454874873161
		0.006495	-0.751454874873161
		0.0065	-0.723803069442511
		0.006505	-0.6850905418396
		0.00651	-0.629786930978298
		0.006515	-0.557892236858606
		0.00652	-0.469406459480524
		0.006525	-0.375390321016312
		0.00653	-0.264783099293709
		0.006535	-0.154175877571106
		0.00654	-0.038038294762373
		0.006545	0.07809928804636
		0.00655	0.194236870855093
		0.006555	0.299313731491566
		0.00656	0.398860231041908
		0.006565	0.492876369506121
		0.00657	0.570301424711943
		0.006575	0.631135396659374
		0.00658	0.675378285348415
		0.006585	0.708560451865196
		0.00659	0.725151535123587
		0.006595	0.719621174037457
		0.0066	0.691969368606806
		0.006605	0.653256841003895
		0.00661	0.597953230142593
		0.006615	0.526058536022902
		0.00662	0.437572758644819
		0.006625	0.349086981266737
		0.00663	0.255070842802525
		0.006635	0.144463621079922
		0.00664	0.039386760443449
		0.006645	-0.0712204612791538
		0.00665	-0.170766960829496
		0.006655	-0.270313460379839
		0.00666	-0.358799237757921
		0.006665	-0.441754654049873
		0.00667	-0.508118987083435
		0.006675	-0.563422597944736
		0.00668	-0.596604764461517
		0.006685	-0.624256569892168
		0.00669	-0.635317292064428
		0.006695	-0.629786930978298
		0.0067	-0.596604764461517
		0.006705	-0.557892236858606
		0.00671	-0.508118987083435
		0.006715	-0.441754654049873
		0.00672	-0.369859959930182
		0.006725	-0.286904543638229
		0.00673	-0.203949127346277
		0.006735	-0.115463349968195
		0.00674	-0.0325079336762428
		0.006745	0.0559778437018394
		0.00675	0.138933259993792
		0.006755	0.216358315199614
		0.00676	0.282722648233175
		0.006765	0.343556620180607
		0.00677	0.393329869955778
		0.006775	0.426512036472559
		0.00678	0.44863348081708
		0.006785	0.4707549251616
		0.00679	0.4707549251616
		0.006795	0.45969420298934
		0.0068	0.432042397558689
		0.006805	0.404390592128038
		0.00681	0.365678064525127
		0.006815	0.310374453663826
		0.00682	0.260601203888655
		0.006825	0.199767231941223
		0.00683	0.138933259993792
		0.006835	0.07809928804636
		0.00684	0.0227956771850586
		0.006845	-0.038038294762373
		0.00685	-0.0933419056236744
		0.006855	-0.137584794312716
		0.00686	-0.181827683001757
		0.006865	-0.215009849518538
		0.00687	-0.248192016035318
		0.006875	-0.259252738207579
		0.00688	-0.270313460379839
		0.006885	-0.275843821465969
		0.00689	-0.270313460379839
		0.006895	-0.253722377121449
		0.0069	-0.231600932776928
		0.006905	-0.209479488432407
		0.00691	-0.181827683001757
		0.006915	-0.154175877571106
		0.00692	-0.126524072140455
		0.006925	-0.0933419056236744
		0.00693	-0.0601597391068935
		0.006935	-0.038038294762373
		0.00694	-0.0103864893317223
		0.006945	0.00620459392666817
		0.00695	0.0283260382711887
		0.006955	0.0449171215295792
		0.00696	0.0504474826157093
		0.006965	0.0559778437018394
		0.00697	0.0559778437018394
		0.006975	0.0504474826157093
		0.00698	0.0449171215295792
		0.006985	0.0338563993573189
		0.00699	0.0227956771850586
		0.006995	0.0117349550127983
		0.007	-0.00485612824559212
		0.007005	-0.0103864893317223
		0.00701	-0.0214472115039825
		0.007015	-0.0325079336762428
		0.00702	-0.038038294762373
		0.007025	-0.038038294762373
		0.00703	-0.0269775725901127
		0.007035	-0.0214472115039825
		0.00704	-0.0103864893317223
		0.007045	0.00620459392666817
		0.00705	0.0283260382711887
		0.007055	0.0449171215295792
		0.00706	0.0725689269602299
		0.007065	0.100220732390881
		0.00707	0.127872537821531
		0.007075	0.144463621079922
		0.00708	0.172115426510572
		0.007085	0.194236870855093
		0.00709	0.210827954113483
		0.007095	0.227419037371874
		0.0071	0.227419037371874
		0.007105	0.227419037371874
		0.00711	0.210827954113483
		0.007115	0.194236870855093
		0.00712	0.177645787596703
		0.007125	0.144463621079922
		0.00713	0.100220732390881
		0.007135	0.0559778437018394
		0.00714	0.0117349550127983
		0.007145	-0.0435686558485031
		0.00715	-0.0988722667098045
		0.007155	-0.154175877571106
		0.00716	-0.203949127346277
		0.007165	-0.264783099293709
		0.00717	-0.30349562689662
		0.007175	-0.358799237757921
		0.00718	-0.391981404274702
		0.007185	-0.425163570791483
		0.00719	-0.441754654049873
		0.007195	-0.458345737308264
		0.0072	-0.452815376222134
		0.007205	-0.436224292963743
		0.00721	-0.408572487533092
		0.007215	-0.369859959930182
		0.00722	-0.32008671015501
		0.007225	-0.259252738207579
		0.00723	-0.192888405174017
		0.007235	-0.115463349968195
		0.00724	-0.0325079336762428
		0.007245	0.0449171215295792
		0.00725	0.138933259993792
		0.007255	0.216358315199614
		0.00726	0.299313731491566
		0.007265	0.376738786697388
		0.00727	0.44863348081708
		0.007275	0.509467452764511
		0.00728	0.559240702539682
		0.007285	0.592422869056463
		0.00729	0.614544313400984
		0.007295	0.620074674487114
		0.0073	0.603483591228724
		0.007305	0.575831785798073
		0.00731	0.537119258195162
		0.007315	0.47628528624773
		0.00732	0.404390592128038
		0.007325	0.326965536922216
		0.00733	0.232949398458004
		0.007335	0.133402898907661
		0.00734	0.0283260382711887
		0.007345	-0.0822811834514141
		0.00735	-0.187358044087887
		0.007355	-0.29796526581049
		0.00736	-0.397511765360832
		0.007365	-0.485997542738914
		0.00737	-0.568952959030867
		0.007375	-0.635317292064428
		0.00738	-0.69062090292573
		0.007385	-0.729333430528641
		0.00739	-0.751454874873161
		0.007395	-0.751454874873161
		0.0074	-0.734863791614771
		0.007405	-0.69615126401186
		0.00741	-0.646378014236689
		0.007415	-0.568952959030867
		0.00742	-0.485997542738914
		0.007425	-0.397511765360832
		0.00743	-0.286904543638229
		0.007435	-0.170766960829496
		0.00744	-0.0490990169346333
		0.007445	0.0725689269602299
		0.00745	0.194236870855093
		0.007455	0.304844092577696
		0.00746	0.420981675386429
		0.007465	0.520528174936771
		0.00747	0.603483591228724
		0.007475	0.680908646434546
		0.00748	0.736212257295847
		0.007485	0.780455145984888
		0.00749	0.797046229243279
		0.007495	0.797046229243279
		0.0075	0.763864062726498
		0.007505	0.725151535123587
		0.00751	0.664317563176155
		0.007515	0.581362146884203
		0.00752	0.492876369506121
		0.007525	0.387799508869648
		0.00753	0.277192287147045
		0.007535	0.149993982166052
		0.00754	0.0338563993573189
		0.007545	-0.0933419056236744
		0.00755	-0.215009849518538
		0.007555	-0.331147432327271
		0.00756	-0.436224292963743
		0.007565	-0.530240431427956
		0.00757	-0.613195847719908
		0.007575	-0.6850905418396
		0.00758	-0.729333430528641
		0.007585	-0.768045958131552
		0.00759	-0.779106680303812
		0.007595	-0.773576319217682
		0.0076	-0.751454874873161
		0.007605	-0.70168162509799
		0.00761	-0.646378014236689
		0.007615	-0.563422597944736
		0.00762	-0.480467181652784
		0.007625	-0.386451043188572
		0.00763	-0.275843821465969
		0.007635	-0.159706238657236
		0.00764	-0.0490990169346333
		0.007645	0.0615082047879696
		0.00765	0.177645787596703
		0.007655	0.277192287147045
		0.00766	0.376738786697388
		0.007665	0.45969420298934
		0.00767	0.531588897109032
		0.007675	0.592422869056463
		0.00768	0.631135396659374
		0.007685	0.664317563176155
		0.00769	0.669847924262285
		0.007695	0.664317563176155
		0.0077	0.631135396659374
		0.007705	0.586892507970333
		0.00771	0.531588897109032
		0.007715	0.46522456407547
		0.00772	0.387799508869648
		0.007725	0.299313731491566
		0.00773	0.210827954113483
		0.007735	0.116811815649271
		0.00774	0.0227956771850586
		0.007745	-0.0656901001930237
		0.00775	-0.159706238657236
		0.007755	-0.242661654949188
		0.00776	-0.31455634906888
		0.007765	-0.375390321016312
		0.00777	-0.430693931877613
		0.007775	-0.474936820566654
		0.00778	-0.497058264911175
		0.007785	-0.519179709255695
		0.00779	-0.519179709255695
		0.007795	-0.508118987083435
		0.0078	-0.485997542738914
		0.007805	-0.447285015136003
		0.00781	-0.408572487533092
		0.007815	-0.353268876671791
		0.00782	-0.29796526581049
		0.007825	-0.231600932776928
		0.00783	-0.165236599743366
		0.007835	-0.0988722667098045
		0.00784	-0.0269775725901127
		0.007845	0.0338563993573189
		0.00785	0.0946903713047504
		0.007855	0.149993982166052
		0.00786	0.194236870855093
		0.007865	0.232949398458004
		0.00787	0.271661926060915
		0.007875	0.288253009319305
		0.00788	0.299313731491566
		0.007885	0.299313731491566
		0.00789	0.299313731491566
		0.007895	0.288253009319305
		0.0079	0.266131564974785
		0.007905	0.238479759544134
		0.00791	0.216358315199614
		0.007915	0.177645787596703
		0.00792	0.144463621079922
		0.007925	0.105751093477011
		0.00793	0.0725689269602299
		0.007935	0.039386760443449
		0.00794	0.00620459392666817
		0.007945	-0.0214472115039825
		0.00795	-0.0490990169346333
		0.007955	-0.0712204612791538
		0.00796	-0.0822811834514141
		0.007965	-0.0933419056236744
		0.00797	-0.0988722667098045
		0.007975	-0.0933419056236744
		0.00798	-0.0878115445375443
		0.007985	-0.0822811834514141
		0.00799	-0.076750822365284
		0.007995	-0.0601597391068935
		0.008	-0.0546293780207634
		0.008005	-0.038038294762373
		0.00801	-0.0214472115039825
		0.008015	-0.0159168504178524
		0.00802	-0.00485612824559212
		0.008025	0.000674232840538025
		0.00803	0.00620459392666817
		0.008035	0.000674232840538025
		0.00804	-0.00485612824559212
		0.008045	-0.0103864893317223
		0.00805	-0.0214472115039825
		0.008055	-0.038038294762373
		0.00806	-0.0546293780207634
		0.008065	-0.076750822365284
		0.00807	-0.0988722667098045
		0.008075	-0.120993711054325
		0.00808	-0.137584794312716
		0.008085	-0.154175877571106
		0.00809	-0.176297321915627
		0.008095	-0.187358044087887
		0.0081	-0.187358044087887
		0.008105	-0.187358044087887
		0.00811	-0.181827683001757
		0.008115	-0.165236599743366
		0.00812	-0.154175877571106
		0.008125	-0.126524072140455
		0.00813	-0.0988722667098045
		0.008135	-0.0546293780207634
		0.00814	-0.0159168504178524
		0.008145	0.0283260382711887
		0.00815	0.07809928804636
		0.008155	0.127872537821531
		0.00816	0.172115426510572
		0.008165	0.227419037371874
		0.00817	0.266131564974785
		0.008175	0.310374453663826
		0.00818	0.343556620180607
		0.008185	0.371208425611258
		0.00819	0.387799508869648
		0.008195	0.393329869955778
		0.0082	0.393329869955778
		0.008205	0.376738786697388
		0.00821	0.360147703438997
		0.008215	0.321435175836086
		0.00822	0.277192287147045
		0.008225	0.227419037371874
		0.00823	0.172115426510572
		0.008235	0.100220732390881
		0.00824	0.0283260382711887
		0.008245	-0.0546293780207634
		0.00825	-0.132054433226585
		0.008255	-0.209479488432407
		0.00826	-0.286904543638229
		0.008265	-0.353268876671791
		0.00827	-0.414102848619223
		0.008275	-0.474936820566654
		0.00828	-0.513649348169565
		0.008285	-0.552361875772476
		0.00829	-0.580013681203127
		0.008295	-0.580013681203127
		0.0083	-0.563422597944736
		0.008305	-0.541301153600216
		0.00831	-0.502588625997305
		0.008315	-0.447285015136003
		0.00832	-0.380920682102442
		0.008325	-0.30349562689662
		0.00833	-0.220540210604668
		0.008335	-0.126524072140455
		0.00834	-0.0325079336762428
		0.008345	0.0725689269602299
		0.00835	0.172115426510572
		0.008355	0.266131564974785
		0.00836	0.360147703438997
		0.008365	0.44863348081708
		0.00837	0.520528174936771
		0.008375	0.586892507970333
		0.00838	0.631135396659374
		0.008385	0.669847924262285
		0.00839	0.691969368606806
		0.008395	0.697499729692936
		0.0084	0.675378285348415
		0.008405	0.636665757745504
		0.00841	0.592422869056463
		0.008415	0.526058536022902
		0.00842	0.44863348081708
		0.008425	0.360147703438997
		0.00843	0.255070842802525
		0.008435	0.144463621079922
		0.00844	0.039386760443449
		0.008445	-0.076750822365284
		0.00845	-0.192888405174017
		0.008455	-0.30349562689662
		0.00846	-0.403042126446962
		0.008465	-0.491527903825045
		0.00847	-0.574483320116997
		0.008475	-0.646378014236689
		0.00848	-0.69615126401186
		0.008485	-0.734863791614771
		0.00849	-0.756985235959291
		0.008495	-0.751454874873161
		0.0085	-0.729333430528641
		0.008505	-0.679560180753469
		0.00851	-0.624256569892168
		0.008515	-0.546831514686346
		0.00852	-0.463876098394394
		0.008525	-0.369859959930182
		0.00853	-0.264783099293709
		0.008535	-0.148645516484976
		0.00854	-0.038038294762373
		0.008545	0.0836296491324902
		0.00855	0.199767231941223
		0.008555	0.304844092577696
		0.00856	0.404390592128038
		0.008565	0.492876369506121
		0.00857	0.570301424711943
		0.008575	0.636665757745504
		0.00858	0.680908646434546
		0.008585	0.714090812951326
		0.00859	0.730681896209717
		0.008595	0.719621174037457
		0.0086	0.697499729692936
		0.008605	0.647726479917765
		0.00861	0.597953230142593
		0.008615	0.520528174936771
		0.00862	0.437572758644819
		0.008625	0.343556620180607
		0.00863	0.244010120630264
		0.008635	0.138933259993792
		0.00864	0.0338563993573189
		0.008645	-0.0712204612791538
		0.00865	-0.170766960829496
		0.008655	-0.275843821465969
		0.00866	-0.364329598844051
		0.008665	-0.436224292963743
		0.00867	-0.508118987083435
		0.008675	-0.563422597944736
		0.00868	-0.596604764461517
		0.008685	-0.624256569892168
		0.00869	-0.635317292064428
		0.008695	-0.624256569892168
		0.0087	-0.596604764461517
		0.008705	-0.552361875772476
		0.00871	-0.502588625997305
		0.008715	-0.436224292963743
		0.00872	-0.364329598844051
		0.008725	-0.286904543638229
		0.00873	-0.198418766260147
		0.008735	-0.109932988882065
		0.00874	-0.0214472115039825
		0.008745	0.0615082047879696
		0.00875	0.144463621079922
		0.008755	0.221888676285744
		0.00876	0.288253009319305
		0.008765	0.343556620180607
		0.00877	0.393329869955778
		0.008775	0.426512036472559
		0.00878	0.45416384190321
		0.008785	0.46522456407547
		0.00879	0.4707549251616
		0.008795	0.45969420298934
		0.0088	0.437572758644819
		0.008805	0.398860231041908
		0.00881	0.360147703438997
		0.008815	0.310374453663826
		0.00882	0.255070842802525
		0.008825	0.194236870855093
		0.00883	0.138933259993792
		0.008835	0.07809928804636
		0.00884	0.0172653160989285
		0.008845	-0.038038294762373
		0.00885	-0.0933419056236744
		0.008855	-0.143115155398846
		0.00886	-0.176297321915627
		0.008865	-0.215009849518538
		0.00887	-0.237131293863058
		0.008875	-0.259252738207579
		0.00888	-0.264783099293709
		0.008885	-0.275843821465969
		0.00889	-0.270313460379839
		0.008895	-0.253722377121449
		0.0089	-0.237131293863058
		0.008905	-0.215009849518538
		0.00891	-0.181827683001757
		0.008915	-0.154175877571106
		0.00892	-0.126524072140455
		0.008925	-0.0878115445375443
		0.00893	-0.0656901001930237
		0.008935	-0.0325079336762428
		0.00894	-0.00485612824559212
		0.008945	0.0117349550127983
		0.00895	0.0283260382711887
		0.008955	0.0449171215295792
		0.00896	0.0504474826157093
		0.008965	0.0504474826157093
		0.00897	0.0504474826157093
		0.008975	0.0504474826157093
		0.00898	0.0449171215295792
		0.008985	0.0338563993573189
		0.00899	0.0227956771850586
		0.008995	0.0117349550127983
		0.009	-0.00485612824559212
		0.009005	-0.0159168504178524
		0.00901	-0.0214472115039825
		0.009015	-0.0269775725901127
		0.00902	-0.0325079336762428
		0.009025	-0.0325079336762428
		0.00903	-0.0325079336762428
		0.009035	-0.0159168504178524
		0.00904	-0.0103864893317223
		0.009045	0.0117349550127983
		0.00905	0.0227956771850586
		0.009055	0.0504474826157093
		0.00906	0.0725689269602299
		0.009065	0.100220732390881
		0.00907	0.127872537821531
		0.009075	0.155524343252182
		0.00908	0.172115426510572
		0.009085	0.188706509768963
		0.00909	0.210827954113483
		0.009095	0.221888676285744
		0.0091	0.227419037371874
		0.009105	0.221888676285744
		0.00911	0.216358315199614
		0.009115	0.194236870855093
		0.00912	0.166585065424442
		0.009125	0.138933259993792
		0.00913	0.100220732390881
		0.009135	0.0559778437018394
		0.00914	0.00620459392666817
		0.009145	-0.0435686558485031
		0.00915	-0.104402627795935
		0.009155	-0.159706238657236
		0.00916	-0.209479488432407
		0.009165	-0.264783099293709
		0.00917	-0.31455634906888
		0.009175	-0.364329598844051
		0.00918	-0.391981404274702
		0.009185	-0.425163570791483
		0.00919	-0.447285015136003
		0.009195	-0.458345737308264
		0.0092	-0.447285015136003
		0.009205	-0.430693931877613
		0.00921	-0.408572487533092
		0.009215	-0.364329598844051
		0.00922	-0.31455634906888
		0.009225	-0.253722377121449
		0.00923	-0.187358044087887
		0.009235	-0.115463349968195
		0.00924	-0.0325079336762428
		0.009245	0.0504474826157093
		0.00925	0.138933259993792
		0.009255	0.221888676285744
		0.00926	0.304844092577696
		0.009265	0.382269147783518
		0.00927	0.44863348081708
		0.009275	0.509467452764511
		0.00928	0.553710341453552
		0.009285	0.597953230142593
		0.00929	0.614544313400984
		0.009295	0.625605035573244
		0.0093	0.609013952314854
		0.009305	0.575831785798073
		0.00931	0.531588897109032
		0.009315	0.4707549251616
		0.00932	0.404390592128038
		0.009325	0.321435175836086
		0.00933	0.227419037371874
		0.009335	0.122342176735401
		0.00934	0.0172653160989285
		0.009345	-0.0878115445375443
		0.00935	-0.198418766260147
		0.009355	-0.29796526581049
		0.00936	-0.397511765360832
		0.009365	-0.491527903825045
		0.00937	-0.568952959030867
		0.009375	-0.635317292064428
		0.00938	-0.69062090292573
		0.009385	-0.729333430528641
		0.00939	-0.751454874873161
		0.009395	-0.756985235959291
		0.0094	-0.729333430528641
		0.009405	-0.69615126401186
		0.00941	-0.646378014236689
		0.009415	-0.568952959030867
		0.00942	-0.485997542738914
		0.009425	-0.386451043188572
		0.00943	-0.281374182552099
		0.009435	-0.165236599743366
		0.00944	-0.0435686558485031
		0.009445	0.07809928804636
		0.00945	0.194236870855093
		0.009455	0.315904814749956
		0.00946	0.426512036472559
		0.009465	0.526058536022902
		0.00947	0.609013952314854
		0.009475	0.686439007520676
		0.00948	0.736212257295847
		0.009485	0.780455145984888
		0.00949	0.797046229243279
		0.009495	0.797046229243279
		0.0095	0.769394423812628
		0.009505	0.719621174037457
		0.00951	0.658787202090025
		0.009515	0.575831785798073
		0.00952	0.48181564733386
		0.009525	0.382269147783518
		0.00953	0.266131564974785
		0.009535	0.144463621079922
		0.00954	0.0227956771850586
		0.009545	-0.0988722667098045
		0.00955	-0.220540210604668
		0.009555	-0.336677793413401
		0.00956	-0.447285015136003
		0.009565	-0.535770792514086
		0.00957	-0.618726208806038
		0.009575	-0.69062090292573
		0.00958	-0.734863791614771
		0.009585	-0.762515597045422
		0.00959	-0.784637041389942
		0.009595	-0.773576319217682
		0.0096	-0.745924513787031
		0.009605	-0.70168162509799
		0.00961	-0.635317292064428
		0.009615	-0.557892236858606
		0.00962	-0.474936820566654
		0.009625	-0.375390321016312
		0.00963	-0.264783099293709
		0.009635	-0.154175877571106
		0.00964	-0.038038294762373
		0.009645	0.0725689269602299
		0.00965	0.183176148682833
		0.009655	0.288253009319305
		0.00966	0.382269147783518
		0.009665	0.46522456407547
		0.00967	0.537119258195162
		0.009675	0.597953230142593
		0.00968	0.636665757745504
		0.009685	0.669847924262285
		0.00969	0.669847924262285
		0.009695	0.658787202090025
		0.0097	0.625605035573244
		0.009705	0.586892507970333
		0.00971	0.531588897109032
		0.009715	0.45969420298934
		0.00972	0.382269147783518
		0.009725	0.293783370405436
		0.00973	0.205297593027353
		0.009735	0.116811815649271
		0.00974	0.0227956771850586
		0.009745	-0.076750822365284
		0.00975	-0.159706238657236
		0.009755	-0.242661654949188
		0.00976	-0.32008671015501
		0.009765	-0.380920682102442
		0.00977	-0.430693931877613
		0.009775	-0.474936820566654
		0.00978	-0.502588625997305
		0.009785	-0.519179709255695
		0.00979	-0.519179709255695
		0.009795	-0.508118987083435
		0.0098	-0.485997542738914
		0.009805	-0.447285015136003
		0.00981	-0.403042126446962
		0.009815	-0.347738515585661
		0.00982	-0.286904543638229
		0.009825	-0.226070571690798
		0.00983	-0.159706238657236
		0.009835	-0.0988722667098045
		0.00984	-0.0214472115039825
		0.009845	0.039386760443449
		0.00985	0.100220732390881
		0.009855	0.149993982166052
		0.00986	0.194236870855093
		0.009865	0.238479759544134
		0.00987	0.266131564974785
		0.009875	0.288253009319305
		0.00988	0.304844092577696
		0.009885	0.304844092577696
		0.00989	0.299313731491566
		0.009895	0.288253009319305
		0.0099	0.266131564974785
		0.009905	0.244010120630264
		0.00991	0.210827954113483
		0.009915	0.177645787596703
		0.00992	0.144463621079922
		0.009925	0.105751093477011
		0.00993	0.0670385658740997
		0.009935	0.0338563993573189
		0.00994	0.00620459392666817
		0.009945	-0.0214472115039825
		0.00995	-0.0546293780207634
		0.009955	-0.0656901001930237
		0.00996	-0.0822811834514141
		0.009965	-0.0933419056236744
		0.00997	-0.0933419056236744
		0.009975	-0.0988722667098045
		0.00998	-0.0933419056236744
		0.009985	-0.0822811834514141
		0.00999	-0.0712204612791538
		0.009995	-0.0601597391068935
